[{"image_id":"DSC_0485.JPG","processed":true,"shape":{"width":4000,"height":6000},"regions":{"name":[[1360.2720638317164,957.1091354891961],[1361.0364613657289,1246.8502284755828],[3530.698213415941,1236.9492089931582],[3529.9338158819287,947.2081160067715]],"birth_date":[[1361.0364613657289,1246.8502284755828],[1361.4581979362185,1406.7073832266926],[2625.2301289221264,1396.943818126307],[2624.818935765899,1241.0830922439748]],"birth_place":[[2624.818935765899,1241.0830922439748],[2625.2301289221264,1396.943818126307],[3531.119949986431,1396.806363744268],[3530.698213415941,1236.9492089931582]],"bastard_child":[[1361.4581979362185,1406.7073832266926],[1361.8667552388804,1561.5690018918303],[3531.528507289093,1551.6679824094058],[3531.119949986431,1396.806363744268]],"caretaker":[[1361.8667552388804,1561.5690018918303],[1362.4598222911316,1786.3681257605786],[3532.121574341344,1776.467106278154],[3531.528507289093,1551.6679824094058]],"father_occupation":[[1362.4598222911316,1786.3681257605786],[1363.2505783607996,2086.1002909189096],[3532.912330411012,2076.199271436485],[3532.121574341344,1776.467106278154]],"breast_milk":[[1363.2505783607996,2086.1002909189096],[1364.041334430468,2385.8324560772407],[3533.70308648068,2375.931436594816],[3532.912330411012,2076.199271436485]],"residence":[[1364.041334430468,2385.8324560772407],[1364.6344014827189,2610.631579945989],[3534.2961535329314,2600.7305604635644],[3533.70308648068,2375.931436594816]],"death_date":[[1364.6344014827189,2610.631579945989],[1365.0561380532085,2770.4887346970986],[2861.364044328748,2759.6640165300973],[2860.9528511725207,2603.803290647765]],"age":[[2860.9528511725207,2603.803290647765],[2861.364044328748,2759.6640165300973],[3534.7178901034213,2760.587715214674],[3534.2961535329314,2600.7305604635644]],"death_place":[[1365.0561380532085,2770.4887346970986],[1365.6492051054597,2995.2878585658473],[3535.3109571556724,2985.3868390834227],[3534.7178901034213,2760.587715214674]],"death_cause":[[1365.6492051054597,2995.2878585658473],[1366.4399611751278,3295.020023724178],[3536.1017132253405,3285.1190042417534],[3535.3109571556724,2985.3868390834227]],"disease_duration":[[1366.4399611751278,3295.020023724178],[1366.8616977456177,3454.877178475288],[3536.52344979583,3444.9761589928635],[3536.1017132253405,3285.1190042417534]],"signs_of_death":[[1366.8616977456177,3454.877178475288],[1367.4574006514342,3680.6754095612305],[3537.1191527016467,3670.774390078806],[3536.52344979583,3444.9761589928635]]},"transform":{"matrix":[[1.0110259795201362,0.002635853565560491,-19.07014311953344],[-0.004613708985286369,0.9991072171944367,82.18044156166297],[0,0,1]]},"inverse_transform":{"matrix":[[0.9890823591251313,-0.0026094058956493303,19.076384274240095],[0.004567415877845455,1.0008815307816608,-82.1657848760731],[0,0,1]]},"document_type":{"classification":"A","confidence":0.999992847442627},"delivery_tag":"Aarhus_kasse3_omegn"},{"image_id":"DSC_0007.JPG","processed":true,"shape":{"width":4000,"height":6000},"regions":{"sex_of_child":[[1375.4853818544623,833.0823349867269],[1375.2691907084595,1068.9671240930884],[3580.2494341355923,1066.2779395464852],[3580.4656252815953,830.3931504401237]],"bastard_child":[[1375.2691907084595,1068.9671240930884],[1375.0621991856908,1294.814262599179],[2314.658343704872,1290.5087335899993],[2314.8616553783468,1068.676655324017]],"birth_date":[[2314.8616553783468,1068.676655324017],[2314.658343704872,1290.5087335899993],[3580.042442612824,1292.1250780525759],[3580.2494341355923,1066.2779395464852]],"parental_occupation":[[1375.0621991856908,1294.814262599179],[1374.6528159517704,1741.489714311225],[3579.6330593789035,1738.8005297646218],[3580.042442612824,1292.1250780525759]],"mother_age":[[1374.6528159517704,1741.489714311225],[1374.4412246173845,1972.3556781174511],[3579.4214680445175,1969.666493570848],[3579.6330593789035,1738.8005297646218]],"residence":[[1374.4412246173845,1972.3556781174511],[1374.1652359203597,2273.485196125572],[3579.1454793474927,2270.796011578969],[3579.4214680445175,1969.666493570848]],"birth_place":[[1374.1652359203597,2273.485196125572],[1373.8892472233347,2574.614714133693],[3578.8694906504675,2571.92552958709],[3579.1454793474927,2270.796011578969]],"full_term":[[1373.8892472233347,2574.614714133693],[1373.6040589030756,2885.7818827420847],[3578.5843023302086,2883.0926981954813],[3578.8694906504675,2571.92552958709]],"natural_birth":[[1373.6040589030756,2885.7818827420847],[1373.3280702060506,3186.9114007502058],[3578.3083136331834,3184.2222162036023],[3578.5843023302086,2883.0926981954813]],"expected_death_cause":[[1373.3280702060506,3186.9114007502058],[1373.0428818857915,3498.078569358597],[3578.0231253129245,3495.3893848119938],[3578.3083136331834,3184.2222162036023]],"death_signs":[[1373.0428818857915,3498.078569358597],[1372.710775487038,3860.437756028369],[3577.6873390648775,3861.7636317218744],[3578.0231253129245,3495.3893848119938]]},"transform":{"matrix":[[1.0212961572498778,-0.0009199623234165515,-24.912339499882364],[-0.0003157269229036975,1.0037650600270698,-61.84292121919543],[0,0,1]]},"inverse_transform":{"matrix":[[0.9791481895186321,0.0008974006759852534,24.44836999729033],[0.0003079838671960818,0.9962493447486465,61.618642340625684],[0,0,1]]},"document_type":{"classification":"C","confidence":0.9997438788414001},"delivery_tag":"Aarhus_kasse3_omegn"},{"image_id":"DSC_0008.JPG","processed":true,"shape":{"width":4000,"height":6000},"regions":{"sex_of_child":[[1373.2883862363722,833.2448364771396],[1373.220288465638,1069.0985064399233],[3579.0514465873157,1066.7294837565803],[3579.119544358049,830.8758137937967]],"bastard_child":[[1373.220288465638,1069.0985064399233],[1373.155088472382,1294.9158500213118],[2313.111843822783,1290.7471662429552],[2313.1758847050487,1068.9443532141247]],"birth_date":[[2313.1758847050487,1068.9443532141247],[2313.111843822783,1290.7471662429552],[3578.9862465940587,1292.5468273379688],[3579.0514465873157,1066.7294837565803]],"parental_occupation":[[1373.155088472382,1294.9158500213118],[1373.0261373746087,1741.5323739933913],[3578.8572954962856,1739.1633513100485],[3578.9862465940587,1292.5468273379688]],"mother_age":[[1373.0261373746087,1741.5323739933913],[1372.9594884926134,1972.3678807654774],[3578.7906466142904,1969.9988580821346],[3578.8572954962856,1739.1633513100485]],"residence":[[1372.9594884926134,1972.3678807654774],[1372.872555168272,2273.457672207329],[3578.7037132899495,2271.088649523986],[3578.7906466142904,1969.9988580821346]],"birth_place":[[1372.872555168272,2273.457672207329],[1372.7856218439304,2574.5474636491804],[3578.6167799656077,2572.178440965837],[3578.7037132899495,2271.088649523986]],"full_term":[[1372.7856218439304,2574.5474636491804],[1372.6957907421108,2885.6735814724266],[3578.5269488637878,2883.304558789084],[3578.6167799656077,2572.178440965837]],"natural_birth":[[1372.6957907421108,2885.6735814724266],[1372.6088574177693,3186.763372914278],[3578.440015539447,3184.3943502309353],[3578.5269488637878,2883.304558789084]],"expected_death_cause":[[1372.6088574177693,3186.763372914278],[1372.5190263159498,3497.8894907375243],[3578.350184437627,3495.5204680541815],[3578.440015539447,3184.3943502309353]],"death_signs":[[1372.5190263159498,3497.8894907375243],[1372.4144165489922,3860.200873105886],[3578.2444155596786,3861.8463809751006],[3578.350184437627,3495.5204680541815]]},"transform":{"matrix":[[1.02169086547762,-0.00028977774780506593,-28.212999447880293],[-0.00016755785412872514,1.0036326381395047,-61.76558736743391],[0,0,1]]},"inverse_transform":{"matrix":[[0.978769685764214,0.0002825990949102655,27.631483503154374],[0.0001634069499143792,0.9963805573376522,61.54664056563896],[0,0,1]]},"document_type":{"classification":"C","confidence":0.9998552799224854},"delivery_tag":"Aarhus_kasse3_omegn"},{"image_id":"DSC_0013.JPG","processed":true,"shape":{"width":4000,"height":6000},"regions":{"sex_of_child":[[1337.1608678792156,861.244434895625],[1337.3983883134088,1095.672297735808],[3533.9884208598996,1094.0621289975652],[3533.750900425707,859.6342661573822]],"bastard_child":[[1337.3983883134088,1095.672297735808],[1337.6258014950831,1320.1245068381106],[2273.6406051328595,1316.2982865882511],[2273.4172348521934,1095.8363389811004]],"birth_date":[[2273.4172348521934,1095.8363389811004],[2273.6406051328595,1316.2982865882511],[3534.2158340415745,1318.514338099868],[3533.9884208598996,1094.0621289975652]],"parental_occupation":[[1337.6258014950831,1320.1245068381106],[1338.0755742321724,1764.0410981737762],[3534.6656067786635,1762.4309294355335],[3534.2158340415745,1318.514338099868]],"mother_age":[[1338.0755742321724,1764.0410981737762],[1338.308041040106,1993.481134145019],[3534.898073586597,1991.8709654067763],[3534.6656067786635,1762.4309294355335]],"residence":[[1338.308041040106,1993.481134145019],[1338.6112586156717,2292.750746281423],[3535.2012911621623,2291.14057754318],[3534.898073586597,1991.8709654067763]],"birth_place":[[1338.6112586156717,2292.750746281423],[1338.9144761912373,2592.0203584178266],[3535.5045087377284,2590.4101896795837],[3535.2012911621623,2291.14057754318]],"full_term":[[1338.9144761912373,2592.0203584178266],[1339.227801019322,2901.2656242921103],[3535.817833565813,2899.655455553868],[3535.5045087377284,2590.4101896795837]],"natural_birth":[[1339.227801019322,2901.2656242921103],[1339.5310185948877,3200.535236428514],[3536.1210511413783,3198.9250676902716],[3535.817833565813,2899.655455553868]],"expected_death_cause":[[1339.5310185948877,3200.535236428514],[1339.844343422972,3509.780502302798],[3536.434375969463,3508.170333564555],[3536.1210511413783,3198.9250676902716]],"death_signs":[[1339.844343422972,3509.780502302798],[1340.209215238903,3869.9016022402707],[3536.803290686402,3872.28169499718],[3536.434375969463,3508.170333564555]]},"transform":{"matrix":[[1.0174117897160697,0.0010107252518856643,-59.629674535913864],[0.00017830570140494858,0.9975653737880125,-28.828513945609757],[0,0,1]]},"inverse_transform":{"matrix":[[0.9828863668321235,-0.0009958525995334838,58.58048520943295],[-0.00017568196295133815,1.0024407460825733,28.888401169816294],[0,0,1]]},"document_type":{"classification":"C","confidence":0.9998236298561096},"delivery_tag":"Aarhus_kasse3_omegn"},{"image_id":"DSC_0014.JPG","processed":true,"shape":{"width":4000,"height":6000},"regions":{"sex_of_child":[[1358.1692454302786,811.9448940832023],[1358.6307696357646,1045.9743628880503],[3553.946481121574,1033.024215455365],[3553.484956916088,798.9947466505168]],"bastard_child":[[1358.6307696357646,1045.9743628880503],[1359.0726545133575,1270.0451308926922],[2294.541439913871,1261.3920189418395],[2294.107410767435,1041.3047312572803]],"birth_date":[[2294.107410767435,1041.3047312572803],[2294.541439913871,1261.3920189418395],[3554.388365999167,1257.094983460007],[3553.946481121574,1033.024215455365]],"parental_occupation":[[1359.0726545133575,1270.0451308926922],[1359.9466046045973,1713.2073165018728],[3555.262316090407,1700.2571690691873],[3554.388365999167,1257.094983460007]],"mother_age":[[1359.9466046045973,1713.2073165018728],[1360.3983091461366,1942.2574349066178],[3555.7140206319464,1929.3072874739323],[3555.262316090407,1700.2571690691873]],"residence":[[1360.3983091461366,1942.2574349066178],[1360.9874889829275,2241.0184589128066],[3556.3032004687375,2228.0683114801213],[3555.7140206319464,1929.3072874739323]],"birth_place":[[1360.9874889829275,2241.0184589128066],[1361.5766688197182,2539.779482918996],[3556.8923803055277,2526.8293354863104],[3556.3032004687375,2228.0683114801213]],"full_term":[[1361.5766688197182,2539.779482918996],[1362.185487984402,2848.4992077253914],[3557.5011994702118,2835.549060292706],[3556.8923803055277,2526.8293354863104]],"natural_birth":[[1362.185487984402,2848.4992077253914],[1362.7746678211927,3147.2602317315805],[3558.090379307002,3134.310084298895],[3557.5011994702118,2835.549060292706]],"expected_death_cause":[[1362.7746678211927,3147.2602317315805],[1363.3834869858765,3455.979956537976],[3558.699198471686,3443.0298091052905],[3558.090379307002,3134.310084298895]],"death_signs":[[1363.3834869858765,3455.979956537976],[1364.0924667228146,3815.4890554254234],[3559.4160339397813,3806.5223883128206],[3558.699198471686,3443.0298091052905]]},"transform":{"matrix":[[1.0168224360126856,0.001963932789302421,-38.66296482718394],[-0.005075686555184873,0.9958700800206304,-69.40737534148639],[0,0,1]]},"inverse_transform":{"matrix":[[0.9834461953581062,-0.001939431928247596,37.888334780765184],[0.005012365299119589,1.0041371621795498,69.88831781299186],[0,0,1]]},"document_type":{"classification":"C","confidence":0.9997901320457458},"delivery_tag":"Aarhus_kasse3_omegn"},{"image_id":"DSC_0019.JPG","processed":true,"shape":{"width":4000,"height":6000},"regions":{"name":[[1379.526290563194,937.5183351577607],[1379.6312817055568,1229.1399921169805],[3562.748862316281,1234.7010563440133],[3562.6438711739183,943.0793993847935]],"birth_date":[[1379.6312817055568,1229.1399921169805],[1379.6892078530675,1390.0346994048257],[2651.3079720774813,1389.2515350235574],[2651.251494083658,1232.3791954179082]],"birth_place":[[2651.251494083658,1232.3791954179082],[2651.3079720774813,1389.2515350235574],[3562.806788463792,1395.5957636318587],[3562.748862316281,1234.7010563440133]],"bastard_child":[[1379.6892078530675,1390.0346994048257],[1379.7453238084686,1545.901447089926],[3562.862904419193,1551.4625113169589],[3562.806788463792,1395.5957636318587]],"caretaker":[[1379.7453238084686,1545.901447089926],[1379.8267824534053,1772.1596292134586],[3562.94436306413,1777.7206934404915],[3562.862904419193,1551.4625113169589]],"father_occupation":[[1379.8267824534053,1772.1596292134586],[1379.9353939799878,2073.8372053781686],[3563.0529745907124,2079.3982696052017],[3562.94436306413,1777.7206934404915]],"breast_milk":[[1379.9353939799878,2073.8372053781686],[1380.0440055065703,2375.5147815428786],[3563.161586117294,2381.0758457699117],[3563.0529745907124,2079.3982696052017]],"residence":[[1380.0440055065703,2375.5147815428786],[1380.1254641515072,2601.772963666411],[3563.243044762231,2607.3340278934443],[3563.161586117294,2381.0758457699117]],"death_date":[[1380.1254641515072,2601.772963666411],[1380.1833902990177,2762.6676709542567],[2885.7802736010017,2762.480519980359],[2885.7237956071785,2605.6081803747097]],"age":[[2885.7237956071785,2605.6081803747097],[2885.7802736010017,2762.480519980359],[3563.3009709097423,2768.2287351812893],[3563.243044762231,2607.3340278934443]],"death_place":[[1380.1833902990177,2762.6676709542567],[1380.2648489439546,2988.9258530777893],[3563.382429554679,2994.486917304822],[3563.3009709097423,2768.2287351812893]],"death_cause":[[1380.2648489439546,2988.9258530777893],[1380.373460470537,3290.6034292424993],[3563.491041081261,3296.164493469532],[3563.382429554679,2994.486917304822]],"disease_duration":[[1380.373460470537,3290.6034292424993],[1380.4313866180478,3451.4981365303447],[3563.548967228772,3457.0592007573773],[3563.491041081261,3296.164493469532]],"signs_of_death":[[1380.4313866180478,3451.4981365303447],[1380.5132073014065,3678.761910574426],[3563.6307879121305,3684.322974801459],[3563.548967228772,3457.0592007573773]]},"transform":{"matrix":[[1.017296169902481,0.00036203842194152763,-6.350410732137561],[0.0025913626407422403,1.0055919205490336,47.05682531682214],[0,0,1]]},"inverse_transform":{"matrix":[[0.9829988027875122,-0.0003539043304338568,6.259099761156284],[-0.0025331412488349436,0.9944400871364195,-46.81127995579651],[0,0,1]]},"document_type":{"classification":"A","confidence":0.9999977350234985},"delivery_tag":"Aarhus_kasse3_omegn"},{"image_id":"DSC_0023.JPG","processed":true,"shape":{"width":4000,"height":6000},"regions":{"name":[[1363.9713127059183,883.9761049874207],[1368.627702901468,1106.1913336811103],[3554.3849748525436,1117.7825151469337],[3551.7755456836494,887.193593077204]],"birth_date":[[1368.627702901468,1106.1913336811103],[1371.2371320703623,1336.78025575084],[2597.3984465435287,1339.090377018186],[2594.8364615413416,1112.6939808042696]],"birth_place":[[2594.8364615413416,1112.6939808042696],[2597.3984465435287,1339.090377018186],[3556.9944040214377,1348.3714372166637],[3554.3849748525436,1117.7825151469337]],"bastard_child":[[1371.2371320703623,1336.78025575084],[1373.8465612392567,1567.3691778205698],[3559.6038331903324,1578.9603592863934],[3556.9944040214377,1348.3714372166637]],"caretaker":[[1373.8465612392567,1567.3691778205698],[1378.057231034518,1939.4558475239974],[3563.8145029855937,1951.0470289898212],[3559.6038331903324,1578.9603592863934]],"father_occupation":[[1378.057231034518,1939.4558475239974],[1381.496933120788,2243.4139720704593],[3567.2542050718635,2255.005153536283],[3563.8145029855937,1951.0470289898212]],"residence":[[1381.496933120788,2243.4139720704593],[1384.1063622896825,2474.0028941401893],[3569.863634240758,2485.5940756060127],[3567.2542050718635,2255.005153536283]],"death_date":[[1384.1063622896825,2474.0028941401893],[1386.8462629170215,2716.1212623134056],[2613.007577390188,2718.4313835807516],[2610.315120929556,2480.5055412633483]],"age":[[2610.315120929556,2480.5055412633483],[2613.007577390188,2718.4313835807516],[3572.603534868097,2727.712443779229],[3569.863634240758,2485.5940756060127]],"death_place":[[1386.8462629170215,2716.1212623134056],[1393.4172800059646,3296.786093343543],[3260.0389973066626,3306.6848828070074],[3257.751678937859,2726.0427684480424]],"manner_of_death":[[1393.4172800059646,3296.786093343543],[1396.0860143832429,3532.61567273304],[3262.7077316839413,3542.5144621965037],[3260.0389973066626,3306.6848828070074]],"signs_of_violence":[[1396.0860143832429,3532.61567273304],[1400.3559893868883,3909.9429997562343],[3266.9777066875863,3919.841789219698],[3262.7077316839413,3542.5144621965037]],"signs_of_decay":[[1400.3559893868883,3909.9429997562343],[1403.795691473158,4213.901124302696],[3270.4174087738566,4223.799913766161],[3266.9777066875863,3919.841789219698]],"death_cause":[[1403.795691473158,4213.901124302696],[1406.2390660585775,4429.8162058770795],[3277.144482079415,4439.737712011716],[3270.4174087738566,4223.799913766161]],"legal_autopsy":[[1989.9404608442637,4437.10387818016],[1993.4513291805943,4747.350791510342],[3595.554650512691,4755.8468265288975],[3594.1619094530765,4443.515008606395]]},"transform":{"matrix":[[1.070924680034824,0.011861041676792635,-190.25848905455678],[0.005679167793152152,1.0481314639533172,-193.29598986710198],[0,0,1]]},"inverse_transform":{"matrix":[[0.9338285254972819,-0.010567547527028915,175.6261397374528],[-0.0050598317756131534,0.954136049979423,183.46799630016088],[0,0,1]]},"document_type":{"classification":"A2","confidence":0.9952020645141602},"delivery_tag":"Aarhus_kasse3_omegn"},{"image_id":"DSC_0025.JPG","processed":true,"shape":{"width":4000,"height":6000},"regions":{"sex_of_child":[[1342.9349730478689,795.1363976237503],[1342.1940260316057,1028.6717027344582],[3533.765893393721,1024.3191161282255],[3534.506840409984,790.7838110175176]],"bastard_child":[[1342.1940260316057,1028.6717027344582],[1341.484608675609,1252.2693352872636],[2275.3741619550265,1247.286462685094],[2276.070967446917,1027.6638991554494]],"birth_date":[[2276.070967446917,1027.6638991554494],[2275.3741619550265,1247.286462685094],[3533.0564760377238,1247.9167486810309],[3533.765893393721,1024.3191161282255]],"parental_occupation":[[1341.484608675609,1252.2693352872636],[1340.0815387937491,1694.4957641139233],[3531.653406155864,1690.1431775076908],[3533.0564760377238,1247.9167486810309]],"mother_age":[[1340.0815387937491,1694.4957641139233],[1339.356356607619,1923.06223294568],[3530.928223969734,1918.7096463394473],[3531.653406155864,1690.1431775076908]],"residence":[[1339.356356607619,1923.06223294568],[1338.4104667996237,2221.1924096827543],[3529.9823341617384,2216.8398230765215],[3530.928223969734,1918.7096463394473]],"birth_place":[[1338.4104667996237,2221.1924096827543],[1337.464576991628,2519.322586419828],[3529.036444353743,2514.969999813595],[3529.9823341617384,2216.8398230765215]],"full_term":[[1337.464576991628,2519.322586419828],[1336.487157523366,2827.3904357148044],[3528.0590248854814,2823.0378491085717],[3529.036444353743,2514.969999813595]],"natural_birth":[[1336.487157523366,2827.3904357148044],[1335.5412677153706,3125.520612451878],[3527.113135077486,3121.168025845646],[3528.0590248854814,2823.0378491085717]],"expected_death_cause":[[1335.5412677153706,3125.520612451878],[1334.5638482471086,3433.5884617468546],[3526.1357156092236,3429.235875140622],[3527.113135077486,3121.168025845646]],"death_signs":[[1334.5638482471086,3433.5884617468546],[1333.4256275114874,3792.3384410871336],[3524.984883009496,3791.960923504062],[3526.1357156092236,3429.235875140622]]},"transform":{"matrix":[[1.0150836319731642,-0.00315296602665169,-46.94732432353908],[-0.0010954386728356921,0.9937672557902465,-89.80105268201896],[0,0,1]]},"inverse_transform":{"matrix":[[0.9851438762401692,0.003125606277577753,46.530551797191684],[0.0010859330432281002,1.0062752803369306,90.41556111292418],[0,0,1]]},"document_type":{"classification":"C","confidence":0.9997562766075134},"delivery_tag":"Aarhus_kasse3_omegn"},{"image_id":"DSC_0028.JPG","processed":true,"shape":{"width":4000,"height":6000},"regions":{"name":[[1407.8105324465441,922.3518996216355],[1406.1693308945205,1213.4547114051734],[3565.338996731579,1223.3751058617074],[3566.9801982836025,932.2722940781695]],"birth_date":[[1406.1693308945205,1213.4547114051734],[1405.2638403830592,1374.063159285746],[2662.957531837981,1375.82636983648],[2663.840385086656,1219.2331331529215]],"birth_place":[[2663.840385086656,1219.2331331529215],[2662.957531837981,1375.82636983648],[3564.433506220117,1383.98355374228],[3565.338996731579,1223.3751058617074]],"bastard_child":[[1405.2638403830592,1374.063159285746],[1404.3866464500811,1529.6525931700507],[3563.556312287139,1539.5729876265848],[3564.433506220117,1383.98355374228]],"caretaker":[[1404.3866464500811,1529.6525931700507],[1403.1133004183384,1755.508223002106],[3562.282966255397,1765.42861745864],[3563.556312287139,1539.5729876265848]],"father_occupation":[[1403.1133004183384,1755.508223002106],[1401.4155057093485,2056.6490627781795],[3560.5851715464064,2066.569457234714],[3562.282966255397,1765.42861745864]],"breast_milk":[[1401.4155057093485,2056.6490627781795],[1399.7177110003583,2357.7899025542533],[3558.8873768374165,2367.7102970107876],[3560.5851715464064,2066.569457234714]],"residence":[[1399.7177110003583,2357.7899025542533],[1398.444364968616,2583.645532386309],[3557.6140308056742,2593.5659268428426],[3558.8873768374165,2367.7102970107876]],"death_date":[[1398.444364968616,2583.645532386309],[1397.5388744571546,2744.253980266881],[2886.6440398834297,2747.080420419201],[2887.5268931321048,2590.4871837356427]],"age":[[2887.5268931321048,2590.4871837356427],[2886.6440398834297,2747.080420419201],[3556.7085402942125,2754.1743747234154],[3557.6140308056742,2593.5659268428426]],"death_place":[[1397.5388744571546,2744.253980266881],[1396.265528425412,2970.1096100989366],[3555.4351942624703,2980.0300045554704],[3556.7085402942125,2754.1743747234154]],"death_cause":[[1396.265528425412,2970.1096100989366],[1394.567733716422,3271.2504498750104],[3553.7373995534804,3281.1708443315442],[3555.4351942624703,2980.0300045554704]],"disease_duration":[[1394.567733716422,3271.2504498750104],[1393.6622432049608,3431.858897755583],[3552.8319090420187,3441.779292212117],[3553.7373995534804,3281.1708443315442]],"signs_of_death":[[1393.6622432049608,3431.858897755583],[1392.3832378575216,3658.718330386892],[3551.5529036945795,3668.6387248434257],[3552.8319090420187,3441.779292212117]]},"transform":{"matrix":[[1.0061368433537083,-0.005659315696633412,42.44366824322424],[0.004622737398198506,1.003802799253579,30.701662343632506],[0,0,1]]},"inverse_transform":{"matrix":[[0.9938748429916174,0.005603343110433625,-42.35572605939484],[-0.004577016929263796,0.9961858025897342,-30.390294754541273],[0,0,1]]},"document_type":{"classification":"A","confidence":0.9999750852584839},"delivery_tag":"Aarhus_kasse3_omegn"},{"image_id":"DSC_0033.JPG","processed":true,"shape":{"width":4000,"height":6000},"regions":{"name":[[1379.9779684190644,923.2786216038241],[1376.0660168420611,1214.0605406635286],[3556.6769156909413,1241.3645431958955],[3560.5888672679444,950.5826241361909]],"birth_date":[[1376.0660168420611,1214.0605406635286],[1373.907698730611,1374.4919442826758],[2644.1217794984486,1386.3851681229794],[2646.2261396571125,1229.9645495943107]],"birth_place":[[2646.2261396571125,1229.9645495943107],[2644.1217794984486,1386.3851681229794],[3554.518597579491,1401.7959468150427],[3556.6769156909413,1241.3645431958955]],"bastard_child":[[1373.907698730611,1374.4919442826758],[1371.8168280601437,1529.9098665387248],[3552.4277269090235,1557.2138690710917],[3554.518597579491,1401.7959468150427]],"caretaker":[[1371.8168280601437,1529.9098665387248],[1368.781693215917,1755.5165278781508],[3549.392592064797,1782.8205304105177],[3552.4277269090235,1557.2138690710917]],"father_occupation":[[1368.781693215917,1755.5165278781508],[1364.734846756948,2056.325409664052],[3545.345745605828,2083.629412196419],[3549.392592064797,1782.8205304105177]],"breast_milk":[[1364.734846756948,2056.325409664052],[1360.688000297979,2357.1342914499533],[3541.298899146859,2384.43829398232],[3545.345745605828,2083.629412196419]],"residence":[[1360.688000297979,2357.1342914499533],[1357.6528654537524,2582.740952789379],[3538.2637643026324,2610.044955321746],[3541.298899146859,2384.43829398232]],"death_date":[[1357.6528654537524,2582.740952789379],[1355.4945473423022,2743.1723564085264],[2859.418090708109,2757.9919178920936],[2861.522450866773,2601.571299363425]],"age":[[2861.522450866773,2601.571299363425],[2859.418090708109,2757.9919178920936],[3536.105446191182,2770.476358940893],[3538.2637643026324,2610.044955321746]],"death_place":[[1355.4945473423022,2743.1723564085264],[1352.4594124980756,2968.7790177479524],[3533.0703113469554,2996.083020280319],[3536.105446191182,2770.476358940893]],"death_cause":[[1352.4594124980756,2968.7790177479524],[1348.4125660391067,3269.5878995338535],[3529.0234648879864,3296.89190206622],[3533.0703113469554,2996.083020280319]],"disease_duration":[[1348.4125660391067,3269.5878995338535],[1346.2542479276565,3430.0193031530007],[3526.865146776536,3457.323305685368],[3529.0234648879864,3296.89190206622]],"signs_of_death":[[1346.2542479276565,3430.0193031530007],[1343.2056235952332,3656.6286607650463],[3523.816522444113,3683.932663297413],[3526.865146776536,3457.323305685368]]},"transform":{"matrix":[[1.0161280982520409,-0.013489488196563218,7.909227189153626],[0.01272320714462575,1.0026962726196706,21.571501022294342],[0,0,1]]},"inverse_transform":{"matrix":[[0.9839621390769406,0.01323745387650212,-8.06793185331464],[-0.012485489833563552,0.9971430077425895,-21.4111208352314],[0,0,1]]},"document_type":{"classification":"A","confidence":0.9999918937683105},"delivery_tag":"Aarhus_kasse3_omegn"},{"image_id":"DSC_0038.JPG","processed":true,"shape":{"width":4000,"height":6000},"regions":{"name":[[1348.2199145084724,948.3680454970871],[1347.823488366117,1238.8330774410974],[3531.7886290452634,1238.3993024265133],[3532.1850551876187,947.9342704825029]],"birth_date":[[1347.823488366117,1238.8330774410974],[1347.6047704944726,1399.089646789517],[2619.7241367865263,1394.8305677057458],[2619.9373867113795,1238.5804125910367]],"birth_place":[[2619.9373867113795,1238.5804125910367],[2619.7241367865263,1394.8305677057458],[3531.569911173619,1398.6558717749326],[3531.7886290452634,1238.3993024265133]],"bastard_child":[[1347.6047704944726,1399.089646789517],[1347.3928875563174,1554.3381983457982],[3531.3580282354637,1553.904423331214],[3531.569911173619,1398.6558717749326]],"caretaker":[[1347.3928875563174,1554.3381983457982],[1347.0853155493176,1779.6989989920132],[3531.050456228464,1779.265223977429],[3531.3580282354637,1553.904423331214]],"father_occupation":[[1347.0853155493176,1779.6989989920132],[1346.6752195399845,2080.1800665203],[3530.640360219131,2079.746291505716],[3531.050456228464,1779.265223977429]],"breast_milk":[[1346.6752195399845,2080.1800665203],[1346.2651235306516,2380.661134048586],[3530.230264209798,2380.227359034002],[3530.640360219131,2079.746291505716]],"residence":[[1346.2651235306516,2380.661134048586],[1345.9575515236518,2606.021934694801],[3529.922692202798,2605.588159680217],[3530.230264209798,2380.227359034002]],"death_date":[[1345.9575515236518,2606.021934694801],[1345.7388336520075,2766.2785040432204],[2851.927157239589,2761.9729346270383],[2852.140407164442,2605.7227795123295]],"age":[[2852.140407164442,2605.7227795123295],[2851.927157239589,2761.9729346270383],[3529.703974331154,2765.8447290286363],[3529.922692202798,2605.588159680217]],"death_place":[[1345.7388336520075,2766.2785040432204],[1345.4312616450077,2991.6393046894354],[3529.396402324154,2991.2055296748513],[3529.703974331154,2765.8447290286363]],"death_cause":[[1345.4312616450077,2991.6393046894354],[1345.0211656356746,3292.120372217722],[3528.986306314821,3291.686597203138],[3529.396402324154,2991.2055296748513]],"disease_duration":[[1345.0211656356746,3292.120372217722],[1344.8024477640304,3452.3769415661413],[3528.767588443177,3451.943166551557],[3528.986306314821,3291.686597203138]],"signs_of_death":[[1344.8024477640304,3452.3769415661413],[1344.493508770333,3678.739345770784],[3528.4586494494793,3678.3055707562],[3528.767588443177,3451.943166551557]]},"transform":{"matrix":[[1.0176911186762099,-0.0013669866977767337,-36.669706861086524],[-0.0002021318800485525,1.0016035584276217,65.2290105845509],[0,0,1]]},"inverse_transform":{"matrix":[[0.9826166827263609,0.0013410734446761667,35.94478881847147],[0.00019830017153528714,0.9983992794949311,-65.11732556062216],[0,0,1]]},"document_type":{"classification":"A","confidence":0.9999896287918091},"delivery_tag":"Aarhus_kasse3_omegn"},{"image_id":"DSC_0039.JPG","processed":true,"shape":{"width":4000,"height":6000},"regions":{"name":[[1380.5024146700187,885.1534251316543],[1384.2756795524206,1106.6397316316525],[3559.6858735158394,1126.1620103337827],[3557.9823733074873,896.3375820060112]],"birth_date":[[1384.2756795524206,1106.6397316316525],[1385.9791797607725,1336.464159959424],[2606.3522599881217,1343.2375227766677],[2604.679732510831,1117.5917204184918]],"birth_place":[[2604.679732510831,1117.5917204184918],[2606.3522599881217,1343.2375227766677],[3561.3893737241906,1355.9864386615545],[3559.6858735158394,1126.1620103337827]],"bastard_child":[[1385.9791797607725,1336.464159959424],[1387.6826799691244,1566.2885882871956],[3563.0928739325427,1585.810866989326],[3561.3893737241906,1355.9864386615545]],"caretaker":[[1387.6826799691244,1566.2885882871956],[1390.4315098507832,1937.141643088827],[3565.8417038142015,1956.6639217909574],[3563.0928739325427,1585.810866989326]],"father_occupation":[[1390.4315098507832,1937.141643088827],[1392.6770328527016,2240.092025884526],[3568.08722681612,2259.6143045866565],[3565.8417038142015,1956.6639217909574]],"residence":[[1392.6770328527016,2240.092025884526],[1394.3805330610535,2469.9164542122976],[3569.7907270244714,2489.438732914428],[3568.08722681612,2259.6143045866565]],"death_date":[[1394.3805330610535,2469.9164542122976],[1396.169208279823,2711.2321039564576],[2616.542288507172,2718.0054667737013],[2614.784586019463,2480.868442999137]],"age":[[2614.784586019463,2480.868442999137],[2616.542288507172,2718.0054667737013],[3571.579402243241,2730.7543826585884],[3569.7907270244714,2489.438732914428]],"death_place":[[1396.169208279823,2711.2321039564576],[1400.4589315317635,3289.9718007454826],[3258.2443152055703,3306.643692846322],[3258.2180122259733,2727.9422562801333]],"manner_of_death":[[1400.4589315317635,3289.9718007454826],[1402.2011476539417,3525.019511535249],[3259.986531327748,3541.6914036360886],[3258.2443152055703,3306.643692846322]],"signs_of_violence":[[1402.2011476539417,3525.019511535249],[1404.9886934494266,3901.0958487988755],[3262.774077123233,3917.7677408997147],[3259.986531327748,3541.6914036360886]],"signs_of_decay":[[1404.9886934494266,3901.0958487988755],[1407.234216451345,4204.046231594575],[3265.0196001251516,4220.718123695413],[3262.774077123233,3917.7677408997147]],"death_cause":[[1407.234216451345,4204.046231594575],[1408.8293121009835,4419.2454690287595],[3270.8781160471335,4435.955621352436],[3265.0196001251516,4220.718123695413]],"legal_autopsy":[[1989.751296938886,4428.637050359777],[1992.043279037396,4737.855372109871],[3586.5624608939725,4752.1646954505795],[3586.386702566104,4440.876190827106]]},"transform":{"matrix":[[1.0658550680859473,0.007743182765235868,-162.22692979428598],[0.009565055709030105,1.0446564923989619,-194.16987733629003],[0,0,1]]},"inverse_transform":{"matrix":[[0.938276273934686,-0.006954673355522629,150.86329114689076],[-0.008591020010833353,0.9573161408699224,184.48826284460463],[0,0,1]]},"document_type":{"classification":"A2","confidence":0.9910594820976257},"delivery_tag":"Aarhus_kasse3_omegn"},{"image_id":"DSC_0050.JPG","processed":true,"shape":{"width":4000,"height":6000},"regions":{"name":[[1358.9717556344156,947.9590488978004],[1359.0277793895866,1237.6373328571872],[3537.1152172588763,1237.487787280951],[3537.0591935037046,947.809503321564]],"birth_date":[[1359.0277793895866,1237.6373328571872],[1359.0586890476122,1397.4598343520213],[2627.7481760156725,1393.3771646523508],[2627.718039099098,1237.5502256948873]],"birth_place":[[2627.718039099098,1237.5502256948873],[2627.7481760156725,1393.3771646523508],[3537.1461269169013,1397.310288775785],[3537.1152172588763,1237.487787280951]],"bastard_child":[[1359.0586890476122,1397.4598343520213],[1359.0886327788244,1552.2878826751419],[3537.1760706481136,1552.1383370989056],[3537.1461269169013,1397.310288775785]],"caretaker":[[1359.0886327788244,1552.2878826751419],[1359.1320994854227,1777.0382754022523],[3537.219537354712,1776.888729826016],[3537.1760706481136,1552.1383370989056]],"father_occupation":[[1359.1320994854227,1777.0382754022523],[1359.1900550942205,2076.7054657050667],[3537.2774929635098,2076.55592012883],[3537.219537354712,1776.888729826016]],"breast_milk":[[1359.1900550942205,2076.7054657050667],[1359.2480107030183,2376.3726560078803],[3537.3354485723075,2376.2231104316443],[3537.2774929635098,2076.55592012883]],"residence":[[1359.2480107030183,2376.3726560078803],[1359.2914774096166,2601.123048734991],[3537.378915278906,2600.9735031587547],[3537.3354485723075,2376.2231104316443]],"death_date":[[1359.2914774096166,2601.123048734991],[1359.3223870676422,2760.945550229825],[2861.450881822253,2756.846852812291],[2861.4207449056785,2601.0199138548282]],"age":[[2861.4207449056785,2601.0199138548282],[2861.450881822253,2756.846852812291],[3537.4098249369317,2760.7960046535886],[3537.378915278906,2600.9735031587547]],"death_place":[[1359.3223870676422,2760.945550229825],[1359.3658537742406,2985.6959429569356],[3537.45329164353,2985.5463973806995],[3537.4098249369317,2760.7960046535886]],"death_cause":[[1359.3658537742406,2985.6959429569356],[1359.4238093830384,3285.3631332597497],[3537.511247252328,3285.213587683513],[3537.45329164353,2985.5463973806995]],"disease_duration":[[1359.4238093830384,3285.3631332597497],[1359.4547190410638,3445.185634754584],[3537.542156910353,3445.0360891783475],[3537.511247252328,3285.213587683513]],"signs_of_death":[[1359.4547190410638,3445.185634754584],[1359.4983789330247,3670.934918116037],[3537.585816802314,3670.785372539801],[3537.542156910353,3445.0360891783475]]},"transform":{"matrix":[[1.0149522077676092,0.00019318536265931408,-23.563540834933747],[-0.0000696857298398455,0.9988906343427134,67.03242137156894],[0,0,1]]},"inverse_transform":{"matrix":[[0.9852680540700874,-0.00019055075680773903,23.22917710405923],[0.00006873537610144603,1.0011105844228363,-67.10524688572762],[0,0,1]]},"document_type":{"classification":"A","confidence":0.9999903440475464},"delivery_tag":"Aarhus_kasse3_omegn"},{"image_id":"DSC_0058.JPG","processed":true,"shape":{"width":4000,"height":6000},"regions":{"name":[[1379.618461963096,881.944539220486],[1386.2822255147041,1478.173369075727],[3571.1610272348707,1457.2561620644146],[3564.4972636832626,861.0273322091736]],"birth_date":[[1386.2822255147041,1478.173369075727],[1388.8366682094872,1706.7277538535693],[2548.4625794835556,1692.7056198992527],[2545.9525618791167,1468.1260939871117]],"birth_place":[[2545.9525618791167,1468.1260939871117],[2548.4625794835556,1692.7056198992527],[3573.7154699296543,1685.8105468422568],[3571.1610272348707,1457.2561620644146]],"occupation":[[1388.8366682094872,1706.7277538535693],[1394.8340554059346,2243.3337007232863],[3579.712857126102,2222.416493711974],[3573.7154699296543,1685.8105468422568]],"residence":[[1394.8340554059346,2243.3337007232863],[1397.2774353748578,2461.9509383368745],[3582.156237095025,2441.0337313255623],[3579.712857126102,2222.416493711974]],"death_date":[[1397.2774353748578,2461.9509383368745],[1399.8318780696409,2690.505323114717],[2559.457789343709,2676.4831891604003],[2556.94777173927,2451.9036632482594]],"death_age":[[2556.94777173927,2451.9036632482594],[2559.457789343709,2676.4831891604003],[3584.7106797898077,2669.5881161034044],[3582.156237095025,2441.0337313255623]],"death_location":[[1399.8318780696409,2690.505323114717],[1406.3845788953888,3276.797005805704],[3218.7543258153464,3261.0948042070363],[3216.306652728941,2674.7675559405147]],"manner_of_death":[[1406.3845788953888,3276.797005805704],[1408.9501278627579,3506.3451052999717],[3221.3198747827155,3490.642903701304],[3218.7543258153464,3261.0948042070363]],"signs_of_violence":[[1408.9501278627579,3506.3451052999717],[1413.159405172857,3882.962982825199],[3225.529152092814,3867.2607812265314],[3221.3198747827155,3490.642903701304]],"signs_of_decay":[[1413.159405172857,3882.962982825199],[1416.4357555857312,4176.108824170692],[3228.8055025056883,4160.406622572025],[3225.529152092814,3867.2607812265314]],"death_cause":[[1416.4357555857312,4176.108824170692],[1418.89024182724,4395.719776500706],[3235.3650164865403,4379.982009326503],[3228.8055025056883,4160.406622572025]],"legal_autopsy":[[1993.6385504256114,4394.715454791519],[1996.9815384740014,4693.823584435565],[3607.2008817764854,4681.860416864843],[3603.8134686377516,4378.777428355095]]},"transform":{"matrix":[[1.0262569348357629,0.011106272586013613,-38.42391050415495],[-0.008891393883730213,0.9937147164254017,-2.1871425867484504],[0,0,1]]},"inverse_transform":{"matrix":[[0.9743205069911649,-0.010889512812804559,37.41338704576957],[0.008717861629157529,1.00622760287705,2.535737577240559],[0,0,1]]},"document_type":{"classification":"B2","confidence":0.9991633892059326},"delivery_tag":"Aarhus_kasse3_omegn"},{"image_id":"DSC_0061.JPG","processed":true,"shape":{"width":4000,"height":6000},"regions":{"name":[[1416.7214487050294,889.0460532415234],[1411.9338693502891,1177.8086638795548],[3575.418118859231,1211.1301899240862],[3580.205698213972,922.3675792860547]],"birth_date":[[1411.9338693502891,1177.8086638795548],[1409.2924462580186,1337.1259663005378],[2669.542690542771,1352.5521239337058],[2672.1180780577342,1197.2177540732475]],"birth_place":[[2672.1180780577342,1197.2177540732475],[2669.542690542771,1352.5521239337058],[3572.776695766961,1370.4474923450691],[3575.418118859231,1211.1301899240862]],"bastard_child":[[1409.2924462580186,1337.1259663005378],[1406.7335676373816,1491.464603020865],[3570.217817146324,1524.7861290653964],[3572.776695766961,1370.4474923450691]],"caretaker":[[1406.7335676373816,1491.464603020865],[1403.0190664138763,1715.5045595503723],[3566.5033159228187,1748.8260855949036],[3570.217817146324,1524.7861290653964]],"father_occupation":[[1403.0190664138763,1715.5045595503723],[1398.066398115869,2014.2245015897151],[3561.550647624811,2047.5460276342465],[3566.5033159228187,1748.8260855949036]],"breast_milk":[[1398.066398115869,2014.224501