[{"image_id":"8011330211-00044.jpg","processed":true,"shape":{"width":4000,"height":6000},"regions":{"name":[[1345.2043911691808,849.9141701710469],[1335.7817199550575,1455.6733682231124],[3503.2502762638305,1487.0897181414555],[3512.672947477953,881.3305200893897]],"birth_date":[[1335.7817199550575,1455.6733682231124],[1332.1696959896435,1687.8810608097376],[2482.633630081129,1701.5891050414762],[2486.1828362384485,1473.4198071085314]],"birth_place":[[2486.1828362384485,1473.4198071085314],[2482.633630081129,1701.5891050414762],[3499.638252298416,1719.2974107280806],[3503.2502762638305,1487.0897181414555]],"occupation":[[1332.1696959896435,1687.8810608097376],[1323.6892918969324,2233.064339056597],[3491.157848205705,2264.4806889749398],[3499.638252298416,1719.2974107280806]],"residence":[[1323.6892918969324,2233.064339056597],[1320.2343124517538,2455.176045009021],[3487.702868760527,2486.592394927364],[3491.157848205705,2264.4806889749398]],"death_date":[[1320.2343124517538,2455.176045009021],[1316.6222884863398,2687.383737595646],[2467.0862225778255,2701.0917818273847],[2470.635428735145,2472.9224838944397]],"death_age":[[2470.635428735145,2472.9224838944397],[2467.0862225778255,2701.0917818273847],[3484.0908447951124,2718.800087513989],[3487.702868760527,2486.592394927364]],"death_location":[[1316.6222884863398,2687.383737595646],[1307.3566617924519,3283.0469490135106],[3105.2401762672034,3310.781649076918],[3118.5780193019173,2715.1812569117446]],"manner_of_death":[[1307.3566617924519,3283.0469490135106],[1303.7289333750143,3516.264240263556],[3101.612447849766,3543.998940326963],[3105.2401762672034,3310.781649076918]],"signs_of_violence":[[1303.7289333750143,3516.264240263556],[1297.7769460580932,3898.9021336997776],[3095.660460532845,3926.6368337631843],[3101.612447849766,3543.998940326963]],"signs_of_decay":[[1297.7769460580932,3898.9021336997776],[1293.144132711149,4196.73373940871],[3091.0276471859006,4224.468439472117],[3095.660460532845,3926.6368337631843]],"death_cause":[[1293.144132711149,4196.73373940871],[1289.673448813947,4419.855044024554],[3091.6291796295245,4447.652563340653],[3091.0276471859006,4224.468439472117]],"legal_autopsy":[[1859.7209187215158,4432.688134055079],[1854.9938786624307,4736.577331744532],[3452.289329447446,4763.23738093971],[3457.0791873146254,4455.309788596577]]},"transform":{"matrix":[[1.018054085206541,-0.01570445202353896,-37.40039800896125],[0.015704813172937104,1.0095986634201095,-82.29082790716166],[0,0,1]]},"inverse_transform":{"matrix":[[0.9820304379713654,0.015275624322373756,37.98537300933051],[-0.015275975610181954,0.9902549749690999,80.91757416159689],[0,0,1]]},"document_type":{"classification":"B2","confidence":0.9988698363304138},"delivery_tag":"Aarhus_kasse6_omegn"},{"image_id":"8011330211-001717.jpg","processed":true,"shape":{"width":4000,"height":6000},"regions":{"name":[[1296.4506827147827,921.3060620750781],[1291.1984495260087,1525.7230618075766],[3463.686634405559,1541.861116589538],[3468.9388675943333,937.4441168570394]],"birth_date":[[1291.1984495260087,1525.7230618075766],[1289.1850934703118,1757.4162450383678],[2442.2928493174736,1763.0216688616363],[2444.271190485245,1535.3579322957285]],"birth_place":[[2444.271190485245,1535.3579322957285],[2442.2928493174736,1763.0216688616363],[3461.6732783498624,1773.554299820329],[3463.686634405559,1541.861116589538]],"occupation":[[1289.1850934703118,1757.4162450383678],[1284.4580836004152,2301.3915447976165],[3456.9462684799655,2317.5295995795777],[3461.6732783498624,1773.554299820329]],"residence":[[1284.4580836004152,2301.3915447976165],[1282.5322647645314,2523.011111366199],[3455.0204496440815,2539.1491661481605],[3456.9462684799655,2317.5295995795777]],"death_date":[[1282.5322647645314,2523.011111366199],[1280.5189087088347,2754.70429459699],[2433.6266645559963,2760.309718420259],[2435.6050057237676,2532.6459818543512]],"death_age":[[2435.6050057237676,2532.6459818543512],[2433.6266645559963,2760.309718420259],[3453.007093588385,2770.8423493789514],[3455.0204496440815,2539.1491661481605]],"death_location":[[1280.5189087088347,2754.70429459699],[1275.3542127398734,3349.0476776672804],[3077.413027371742,3364.1053602177903],[3086.659396760028,2769.7960828837413]],"manner_of_death":[[1275.3542127398734,3349.0476776672804],[1273.3321029621954,3581.7482225642925],[3075.390917594064,3596.8059051148025],[3077.413027371742,3364.1053602177903]],"signs_of_violence":[[1273.3321029621954,3581.7482225642925],[1270.0144423312863,3963.5382940619875],[3072.073256963155,3978.5959766124975],[3075.390917594064,3596.8059051148025]],"signs_of_decay":[[1270.0144423312863,3963.5382940619875],[1267.4320943468058,4260.709985597133],[3069.4909089786743,4275.767668147642],[3072.073256963155,3978.5959766124975]],"death_cause":[[1267.4320943468058,4260.709985597133],[1265.4975217889407,4483.336913831936],[3071.6380098401337,4498.428702118687],[3069.4909089786743,4275.767668147642]],"legal_autopsy":[[1836.8967856064778,4492.141163570594],[1834.2619152901093,4795.357025103064],[3435.2808065762724,4810.749723476134],[3437.9506917805656,4503.5044152787805]]},"transform":{"matrix":[[1.0204183548311827,-0.00875372198129018,-95.66744288647624],[0.00852643406031137,1.007361666220831,0.9675716131414447],[0,0,1]]},"inverse_transform":{"matrix":[[0.979919060183785,0.008515252569810994,93.73811160683644],[-0.008294156439806126,0.9926200577114829,-1.7539117279731051],[0,0,1]]},"document_type":{"classification":"B2","confidence":0.9991604089736938},"delivery_tag":"Aarhus_kasse6_omegn"},{"image_id":"8011330211-002020.jpg","processed":true,"shape":{"width":4000,"height":6000},"regions":{"name":[[1287.5467766206807,1052.7394881292269],[1287.2730922025444,1346.2993670059884],[3492.9421891864777,1360.7185455727874],[3493.215873604614,1067.1586666960259]],"birth_date":[[1287.2730922025444,1346.2993670059884],[1287.122093902883,1508.2634381104085],[2571.8818666375964,1512.6132054886689],[2572.0290899797656,1354.698236161859]],"birth_place":[[2572.0290899797656,1354.698236161859],[2571.8818666375964,1512.6132054886689],[3492.7911908868164,1522.6826166772075],[3492.9421891864777,1360.7185455727874]],"bastard_child":[[1287.122093902883,1508.2634381104085],[1286.975814300086,1665.1661319928155],[3492.64491128402,1679.5853105596145],[3492.7911908868164,1522.6826166772075]],"caretaker":[[1286.975814300086,1665.1661319928155],[1286.7634729411873,1892.9281069834062],[3492.4325699251212,1907.3472855502052],[3492.64491128402,1679.5853105596145]],"father_occupation":[[1286.7634729411873,1892.9281069834062],[1286.4803511293223,2196.610740304194],[3492.149448113256,2211.0299188709932],[3492.4325699251212,1907.3472855502052]],"breast_milk":[[1286.4803511293223,2196.610740304194],[1286.1972293174572,2500.293373624982],[3491.8663263013905,2514.712552191781],[3492.149448113256,2211.0299188709932]],"residence":[[1286.1972293174572,2500.293373624982],[1285.9848879585584,2728.0553486155727],[3491.6539849424917,2742.4745271823717],[3491.8663263013905,2514.712552191781]],"death_date":[[1285.9848879585584,2728.0553486155727],[1285.833889658897,2890.0194197199926],[2806.988765984619,2895.914579022933],[2807.135989326788,2737.9996096961236]],"age":[[2807.135989326788,2737.9996096961236],[2806.988765984619,2895.914579022933],[3491.5029866428304,2904.4385982867916],[3491.6539849424917,2742.4745271823717]],"death_place":[[1285.833889658897,2890.0194197199926],[1285.6215482999983,3117.7813947105838],[3491.2906452839316,3132.200573277383],[3491.5029866428304,2904.4385982867916]],"death_cause":[[1285.6215482999983,3117.7813947105838],[1285.3384264881333,3421.4640280313715],[3491.007523472067,3435.8832065981705],[3491.2906452839316,3132.200573277383]],"disease_duration":[[1285.3384264881333,3421.4640280313715],[1285.1874281884718,3583.4280991357914],[3490.856525172406,3597.8472777025904],[3491.007523472067,3435.8832065981705]],"signs_of_death":[[1285.1874281884718,3583.4280991357914],[1284.9741430902002,3812.202349570785],[3490.643240074134,3826.621528137584],[3490.856525172406,3597.8472777025904]]},"transform":{"matrix":[[1.027804798221777,-0.0009437393728835026,-111.49098043049639],[0.0067190953246966615,1.0122754444026258,150.761138333874],[0,0,1]]},"inverse_transform":{"matrix":[[0.9729414642258921,0.0009070684983796673,108.33744706866494],[-0.006458011482577813,0.9878673940474965,-149.65202288134222],[0,0,1]]},"document_type":{"classification":"A","confidence":0.9999945163726807},"delivery_tag":"Aarhus_kasse6_omegn"},{"image_id":"8011330211-003030.jpg","processed":true,"shape":{"width":4000,"height":6000},"regions":{"name":[[1267.494013675194,943.5872230589323],[1261.6007711157724,1250.9454484385421],[3564.4165457188105,1302.325465089162],[3570.3097882782326,994.9672397095522]],"birth_date":[[1261.6007711157724,1250.9454484385421],[1258.3493269450569,1420.52240037212],[2599.7725134471802,1446.210758872604],[2602.942671513628,1280.8732307373655]],"birth_place":[[2602.942671513628,1280.8732307373655],[2599.7725134471802,1446.210758872604],[3561.165101548095,1471.9024170227399],[3564.4165457188105,1302.325465089162]],"bastard_child":[[1258.3493269450569,1420.52240037212],[1255.1994904046762,1584.8000725577735],[3558.015265007715,1636.1800892083936],[3561.165101548095,1471.9024170227399]],"caretaker":[[1255.1994904046762,1584.8000725577735],[1250.6271470396077,1823.2676612143673],[3553.442921642646,1874.6476778649874],[3558.015265007715,1636.1800892083936]],"father_occupation":[[1250.6271470396077,1823.2676612143673],[1244.5306892195163,2141.224446089826],[3547.3464638225546,2192.604462740446],[3553.442921642646,1874.6476778649874]],"breast_milk":[[1244.5306892195163,2141.224446089826],[1238.4342313994248,2459.181230965284],[3541.250006002463,2510.5612476159044],[3547.3464638225546,2192.604462740446]],"residence":[[1238.4342313994248,2459.181230965284],[1233.8618880343563,2697.6488196218784],[3536.6776626373944,2749.028836272498],[3541.250006002463,2510.5612476159044]],"death_date":[[1233.8618880343563,2697.6488196218784],[1230.6104438636407,2867.225771555456],[2818.8405400389693,2898.4208419989236],[2822.010698105417,2733.083313863685]],"age":[[2822.010698105417,2733.083313863685],[2818.8405400389693,2898.4208419989236],[3533.426218466679,2918.605788206076],[3536.6776626373944,2749.028836272498]],"death_place":[[1230.6104438636407,2867.225771555456],[1226.0381004985722,3105.69336021205],[3528.8538751016104,3157.07337686267],[3533.426218466679,2918.605788206076]],"death_cause":[[1226.0381004985722,3105.69336021205],[1219.9416426784808,3423.6501450875085],[3522.757417281519,3475.0301617381283],[3528.8538751016104,3157.07337686267]],"disease_duration":[[1219.9416426784808,3423.6501450875085],[1216.6901985077652,3593.227097021086],[3519.5059731108036,3644.6071136717064],[3522.757417281519,3475.0301617381283]],"signs_of_death":[[1216.6901985077652,3593.227097021086],[1212.0975336166298,3832.754541627265],[3514.913308219668,3884.134558277885],[3519.5059731108036,3644.6071136717064]]},"transform":{"matrix":[[1.0730735203182844,-0.020321526066971508,-176.10853500724033],[0.023942225839058702,1.0598559495848616,-23.815036067713663],[0,0,1]]},"inverse_transform":{"matrix":[[0.9315040957827062,0.017860526018987372,164.471170732867],[-0.021042747780935112,0.9431209775667861,18.75465261274304],[0,0,1]]},"document_type":{"classification":"A","confidence":0.9999980926513672},"delivery_tag":"Aarhus_kasse6_omegn"},{"image_id":"8011330211-003737.jpg","processed":true,"shape":{"width":4000,"height":6000},"regions":{"name":[[1221.732741156518,780.2221113295742],[1218.6723846339826,1411.6514480333815],[3510.819525775526,1416.773976362059],[3513.8798822980616,785.3446396582518]],"birth_date":[[1218.6723846339826,1411.6514480333815],[1217.4992479670104,1653.6993604365077],[2434.1071290413583,1653.325830043854],[2435.2598633315138,1415.4874465520868]],"birth_place":[[2435.2598633315138,1415.4874465520868],[2434.1071290413583,1653.325830043854],[3509.646389108554,1658.8218887651853],[3510.819525775526,1416.773976362059]],"occupation":[[1217.4992479670104,1653.6993604365077],[1214.7449270967286,2221.985763469934],[3506.8920682382723,2227.108291798612],[3509.646389108554,1658.8218887651853]],"residence":[[1214.7449270967286,2221.985763469934],[1213.6227963717988,2453.5098535946636],[3505.7699375133425,2458.632381923341],[3506.8920682382723,2227.108291798612]],"death_date":[[1213.6227963717988,2453.5098535946636],[1212.449659704827,2695.55776599779],[2429.057540779175,2695.184235605136],[2430.2102750693302,2457.345852113369]],"death_age":[[2430.2102750693302,2457.345852113369],[2429.057540779175,2695.184235605136],[3504.5968008463706,2700.6802943264674],[3505.7699375133425,2458.632381923341]],"death_location":[[1212.449659704827,2695.55776599779],[1209.4403091243337,3316.4632804232],[3110.7619793719796,3322.4583011170353],[3118.0778343018437,2701.566365447443]],"manner_of_death":[[1209.4403091243337,3316.4632804232],[1208.2620718631574,3559.563575054166],[3109.5837421108035,3565.5585957480007],[3110.7619793719796,3322.4583011170353]],"signs_of_violence":[[1208.2620718631574,3559.563575054166],[1206.3289466597557,3958.416439405404],[3107.650616907402,3964.411460099239],[3109.5837421108035,3565.5585957480007]],"signs_of_decay":[[1206.3289466597557,3958.416439405404],[1204.8242713695092,4268.8691966181095],[3106.1459416171547,4274.864217311944],[3107.650616907402,3964.411460099239]],"death_cause":[[1204.8242713695092,4268.8691966181095],[1203.6970400503753,4501.4456689706785],[3109.3252146473924,4507.454268420332],[3106.1459416171547,4274.864217311944]],"legal_autopsy":[[1806.587246585609,4507.556223696617],[1805.051967730137,4824.32327427636],[3494.2680975828134,4831.7543057018165],[3495.823778815102,4510.777726210715]]},"transform":{"matrix":[[1.0766260873429476,-0.005100594204225896,-250.79751470579436],[0.0033946889546063773,1.0523822278396788,-173.68417142753606],[0,0,1]]},"inverse_transform":{"matrix":[[0.92881338276449,0.0045016915257692115,233.72596058549135],[-0.0029960906293844563,0.9502105715052415,164.28512370989043],[0,0,1]]},"document_type":{"classification":"B2","confidence":0.9991914629936218},"delivery_tag":"Aarhus_kasse6_omegn"},{"image_id":"8011330211-005251.jpg","processed":true,"shape":{"width":4000,"height":6000},"regions":{"name":[[1208.2613052479994,879.3239409920621],[1204.1534353541558,1185.1916274693704],[3490.377491467467,1209.882846218236],[3494.4853613613095,904.0151597409279]],"birth_date":[[1204.1534353541558,1185.1916274693704],[1201.8870243782424,1353.946213112023],[2533.6212569460404,1364.1094656359533],[2535.8310076475564,1199.5737446343667]],"birth_place":[[2535.8310076475564,1199.5737446343667],[2533.6212569460404,1364.1094656359533],[3488.1110804915525,1378.637431860889],[3490.377491467467,1209.882846218236]],"bastard_child":[[1201.8870243782424,1353.946213112023],[1199.691438745326,1517.4272179533432],[3485.9154948586365,1542.1184367022088],[3488.1110804915525,1378.637431860889]],"caretaker":[[1199.691438745326,1517.4272179533432],[1196.5042983104474,1754.7383540133235],[3482.728354423758,1779.4295727621893],[3485.9154948586365,1542.1184367022088]],"father_occupation":[[1196.5042983104474,1754.7383540133235],[1192.2547777306092,2071.1532020932978],[3478.4788338439203,2095.8444208421633],[3482.728354423758,1779.4295727621893]],"breast_milk":[[1192.2547777306092,2071.1532020932978],[1188.0052571507713,2387.568050173272],[3474.2293132640816,2412.2592689221374],[3478.4788338439203,2095.8444208421633]],"residence":[[1188.0052571507713,2387.568050173272],[1184.8181167158928,2624.879186233252],[3471.042172829203,2649.570404982118],[3474.2293132640816,2412.2592689221374]],"death_date":[[1184.8181167158928,2624.879186233252],[1182.551705739979,2793.633771875905],[2759.3146116097632,2806.443333958194],[2761.524362311279,2641.907612956608]],"age":[[2761.524362311279,2641.907612956608],[2759.3146116097632,2806.443333958194],[3468.7757618532896,2818.3249906247706],[3471.042172829203,2649.570404982118]],"death_place":[[1182.551705739979,2793.633771875905],[1179.3645653051005,3030.9449079358856],[3465.588621418411,3055.636126684751],[3468.7757618532896,2818.3249906247706]],"death_cause":[[1179.3645653051005,3030.9449079358856],[1175.1150447252624,3347.3597560158596],[3461.3391008385734,3372.050974764725],[3465.588621418411,3055.636126684751]],"disease_duration":[[1175.1150447252624,3347.3597560158596],[1172.8486337493487,3516.1143416585123],[3459.072689862659,3540.805560407378],[3461.3391008385734,3372.050974764725]],"signs_of_death":[[1172.8486337493487,3516.1143416585123],[1169.6473282458708,3754.480193878759],[3455.8713843591813,3779.1714126276247],[3459.072689862659,3540.805560407378]]},"transform":{"matrix":[[1.0653420578347206,-0.014165068599460255,-230.24098701816615],[0.011505693731997039,1.05471616026658,-66.60646722604133],[0,0,1]]},"inverse_transform":{"matrix":[[0.9385295242289035,0.012604656678400624,216.927515656098],[-0.010238236286704233,0.9479848819496114,60.78466234238346],[0,0,1]]},"document_type":{"classification":"A","confidence":0.9999979734420776},"delivery_tag":"Aarhus_kasse6_omegn"},{"image_id":"8011330211-006362.jpg","processed":true,"shape":{"width":4000,"height":6000},"regions":{"name":[[1248.9901067600476,913.826131182737],[1243.3210474886957,1218.0383258429029],[3527.7938810126816,1250.5359346769421],[3533.4629402840337,946.3237400167762]],"birth_date":[[1243.3210474886957,1218.0383258429029],[1240.1932906493294,1385.879536689891],[2570.929006427248,1400.612682114219],[2573.9785693456306,1236.9675015384057]],"birth_place":[[2573.9785693456306,1236.9675015384057],[2570.929006427248,1400.612682114219],[3524.6661241733154,1418.3771455239303],[3527.7938810126816,1250.5359346769421]],"bastard_child":[[1240.1932906493294,1385.879536689891],[1237.1632762111929,1548.4757096979106],[3521.636109735179,1580.9733185319499],[3524.6661241733154,1418.3771455239303]],"caretaker":[[1237.1632762111929,1548.4757096979106],[1232.7648681558337,1784.5024124514875],[3517.23770167982,1817.0000212855268],[3521.636109735179,1580.9733185319499]],"father_occupation":[[1232.7648681558337,1784.5024124514875],[1226.9003240820214,2099.20468278959],[3511.373157606007,2131.7022916236297],[3517.23770167982,1817.0000212855268]],"breast_milk":[[1226.9003240820214,2099.20468278959],[1221.035780008209,2413.9069531276928],[3505.5086135321953,2446.4045619617323],[3511.373157606007,2131.7022916236297]],"residence":[[1221.035780008209,2413.9069531276928],[1216.63737195285,2649.9336558812697],[3501.110205476836,2682.431264715309],[3505.5086135321953,2446.4045619617323]],"death_date":[[1216.63737195285,2649.9336558812697],[1213.5096151134833,2817.7748667282576],[2789.0863149130782,2835.9909804805584],[2792.1358778314607,2672.345799904745]],"age":[[2792.1358778314607,2672.345799904745],[2789.0863149130782,2835.9909804805584],[3497.982448637469,2850.272475562297],[3501.110205476836,2682.431264715309]],"death_place":[[1213.5096151134833,2817.7748667282576],[1209.1112070581241,3053.801569481835],[3493.58404058211,3086.299178315874],[3497.982448637469,2850.272475562297]],"death_cause":[[1209.1112070581241,3053.801569481835],[1203.2466629843118,3368.5038398199376],[3487.719496508298,3401.0014486539767],[3493.58404058211,3086.299178315874]],"disease_duration":[[1203.2466629843118,3368.5038398199376],[1200.1189061449452,3536.3450506669255],[3484.591739668931,3568.842659500965],[3487.719496508298,3401.0014486539767]],"signs_of_death":[[1200.1189061449452,3536.3450506669255],[1195.70094960934,3773.420760988296],[3480.1737831333257,3805.9183698223355],[3484.591739668931,3568.842659500965]]},"transform":{"matrix":[[1.064526017485548,-0.019548480246040993,-183.6525694782606],[0.015143340556402306,1.0490075677936754,-32.02377344910474],[0,0,1]]},"inverse_transform":{"matrix":[[0.9391362539782858,0.017501004828638513,173.03523434706455],[-0.013557252168131455,0.9530293269728193,28.029771061588267],[0,0,1]]},"document_type":{"classification":"A","confidence":0.9999934434890747},"delivery_tag":"Aarhus_kasse6_omegn"},{"image_id":"8011330211-007170.jpg","processed":true,"shape":{"width":4000,"height":6000},"regions":{"name":[[1235.0158343607877,857.8430149541938],[1231.4447094510024,1161.6839243231911],[3532.136975774787,1189.8963148204193],[3535.708100684572,886.055405451422]],"birth_date":[[1231.4447094510024,1161.6839243231911],[1229.474433638707,1329.320288112983],[2569.6286918875703,1341.562504890342],[2571.5497108045583,1178.1170501952952]],"birth_place":[[2571.5497108045583,1178.1170501952952],[2569.6286918875703,1341.562504890342],[3530.1666999624913,1357.5326786102112],[3532.136975774787,1189.8963148204193]],"bastard_child":[[1229.474433638707,1329.320288112983],[1227.565728945546,1491.7180155343437],[3528.2579952693304,1519.930406031572],[3530.1666999624913,1357.5326786102112]],"caretaker":[[1227.565728945546,1491.7180155343437],[1224.7950285845056,1727.4566521137383],[3525.48729490829,1755.6690426109665],[3528.2579952693304,1519.930406031572]],"father_occupation":[[1224.7950285845056,1727.4566521137383],[1221.1007614364516,2041.7748342195978],[3521.7930277602363,2069.987224716826],[3525.48729490829,1755.6690426109665]],"breast_milk":[[1221.1007614364516,2041.7748342195978],[1217.4064942883979,2356.093016325457],[3518.0987606121826,2384.305406822685],[3521.7930277602363,2069.987224716826]],"residence":[[1217.4064942883979,2356.093016325457],[1214.6357939273576,2591.831652904852],[3515.3280602511422,2620.04404340208],[3518.0987606121826,2384.305406822685]],"death_date":[[1214.6357939273576,2591.831652904852],[1212.6655181150622,2759.4680166946437],[2799.3990966129795,2774.73392863247],[2801.3201155299676,2611.288473937423]],"age":[[2801.3201155299676,2611.288473937423],[2799.3990966129795,2774.73392863247],[3513.3577844388465,2787.680407191872],[3515.3280602511422,2620.04404340208]],"death_place":[[1212.6655181150622,2759.4680166946437],[1209.8948177540217,2995.206653274038],[3510.587084077806,3023.4190437712664],[3513.3577844388465,2787.680407191872]],"death_cause":[[1209.8948177540217,2995.206653274038],[1206.200550605968,3309.5248353798975],[3506.8928169297524,3337.7372258771256],[3510.587084077806,3023.4190437712664]],"disease_duration":[[1206.200550605968,3309.5248353798975],[1204.2302747936726,3477.1611991696896],[3504.9225411174566,3505.3735896669177],[3506.8928169297524,3337.7372258771256]],"signs_of_death":[[1204.2302747936726,3477.1611991696896],[1201.4472602088053,3713.9475630227703],[3502.13952653259,3742.1599535199985],[3504.9225411174566,3505.3735896669177]]},"transform":{"matrix":[[1.0720840010828445,-0.012314223826846084,-214.3014296987683],[0.01314650069768321,1.0477272736861982,-84.15797438727759],[0,0,1]]},"inverse_transform":{"matrix":[[0.9326283150244138,0.01096143443709252,200.7860734058898],[-0.011702280834029114,0.9543093136983557,77.80492326629775],[0,0,1]]},"document_type":{"classification":"A","confidence":0.9999938011169434},"delivery_tag":"Aarhus_kasse6_omegn"},{"image_id":"8011330211-008685.jpg","processed":true,"shape":{"width":4000,"height":6000},"regions":{"name":[[1256.8026019582119,888.3246443411205],[1252.5166805941737,1191.9872836818943],[3526.0988152236337,1229.3290637541463],[3530.384736587672,925.6664244133725]],"birth_date":[[1252.5166805941737,1191.9872836818943],[1250.1520343243596,1359.5252915940453],[2574.525068601713,1377.0876452593893],[2576.830598714782,1213.738087545042]],"birth_place":[[2576.830598714782,1213.738087545042],[2574.525068601713,1377.0876452593893],[3523.7341689538193,1396.8670716662973],[3526.0988152236337,1229.3290637541463]],"bastard_child":[[1250.1520343243596,1359.5252915940453],[1247.8612832504773,1521.8277367589415],[3521.443417879937,1559.1695168311935],[3523.7341689538193,1396.8670716662973]],"caretaker":[[1247.8612832504773,1521.8277367589415],[1244.5359994335513,1757.428060385404],[3518.118134063011,1794.769840457656],[3521.443417879937,1559.1695168311935]],"father_occupation":[[1244.5359994335513,1757.428060385404],[1240.1022876776497,2071.5618252206873],[3513.6844223071093,2108.903605292939],[3518.118134063011,1794.769840457656]],"breast_milk":[[1240.1022876776497,2071.5618252206873],[1235.6685759217482,2385.69559005597],[3509.250710551208,2423.0373701282224],[3513.6844223071093,2108.903605292939]],"residence":[[1235.6685759217482,2385.69559005597],[1232.3432921048222,2621.2959136824325],[3505.9254267342817,2658.6376937546847],[3509.250710551208,2423.0373701282224]],"death_date":[[1232.3432921048222,2621.2959136824325],[1229.9786458350081,2788.8339215945834],[2798.025441046553,2810.398423170747],[2800.3309711596216,2647.0488654563997]],"age":[[2800.3309711596216,2647.0488654563997],[2798.025441046553,2810.398423170747],[3503.560780464468,2826.1757016668357],[3505.9254267342817,2658.6376937546847]],"death_place":[[1229.9786458350081,2788.8339215945834],[1226.653362018082,3024.4342452210462],[3500.235496647542,3061.776025293298],[3503.560780464468,2826.1757016668357]],"death_cause":[[1226.653362018082,3024.4342452210462],[1222.2196502621805,3338.568010056329],[3495.80178489164,3375.9097901285813],[3500.235496647542,3061.776025293298]],"disease_duration":[[1222.2196502621805,3338.568010056329],[1219.8550039923664,3506.10601796848],[3493.437138621826,3543.4477980407323],[3495.80178489164,3375.9097901285813]],"signs_of_death":[[1219.8550039923664,3506.10601796848],[1216.5149411362538,3742.7534541443933],[3490.0970757657137,3780.0952342166456],[3493.437138621826,3543.4477980407323]]},"transform":{"matrix":[[1.0594511344964863,-0.014779039186338236,-173.13473066365214],[0.017400643090518194,1.047112549450944,-58.9283001638978],[0,0,1]]},"inverse_transform":{"matrix":[[0.9436662140257545,0.01331898845374639,164.16626115121915],[-0.015681598883952624,0.9547858456665623,53.54887750653162],[0,0,1]]},"document_type":{"classification":"A","confidence":0.9998925924301147},"delivery_tag":"Aarhus_kasse6_omegn"},{"image_id":"8011330211-008988.jpg","processed":true,"shape":{"width":4000,"height":6000},"regions":{"name":[[1310.8101481068159,805.9645930839213],[1302.4002778068777,1108.53477374093],[3561.693476254093,1165.4533386532814],[3570.103346554032,862.8831579962726]],"birth_date":[[1302.4002778068777,1108.53477374093],[1297.7603493655324,1275.4700458275556],[2613.8672599992224,1304.4505345474959],[2618.391190229533,1141.688644263036]],"birth_place":[[2618.391190229533,1141.688644263036],[2613.8672599992224,1304.4505345474959],[3557.0535478127485,1332.388610739907],[3561.693476254093,1165.4533386532814]],"bastard_child":[[1297.7603493655324,1275.4700458275556],[1293.2654186879793,1437.188590661474],[3552.558617135195,1494.1071555738256],[3557.0535478127485,1332.388610739907]],"caretaker":[[1293.2654186879793,1437.188590661474],[1286.7405193173377,1671.9413170332914],[3546.0337177645533,1728.8598819456427],[3552.558617135195,1494.1071555738256]],"father_occupation":[[1286.7405193173377,1671.9413170332914],[1278.0406534898154,1984.944952195714],[3537.333851937032,2041.8635171080655],[3546.0337177645533,1728.8598819456427]],"breast_milk":[[1278.0406534898154,1984.944952195714],[1269.3407876622932,2297.948587358137],[3528.6339861095094,2354.8671522704885],[3537.333851937032,2041.8635171080655]],"residence":[[1269.3407876622932,2297.948587358137],[1262.8158882916516,2532.701313729954],[3522.1090867388675,2589.6198786423056],[3528.6339861095094,2354.8671522704885]],"death_date":[[1262.8158882916516,2532.701313729954],[1258.1759598503063,2699.63658581658],[2816.425198369764,2734.7173867125875],[2820.9491286000757,2571.955496428128]],"age":[[2820.9491286000757,2571.955496428128],[2816.425198369764,2734.7173867125875],[3517.469158297522,2756.555150728931],[3522.1090867388675,2589.6198786423056]],"death_place":[[1258.1759598503063,2699.63658581658],[1251.6510604796647,2934.389312188397],[3510.94425892688,2991.3078771007486],[3517.469158297522,2756.555150728931]],"death_cause":[[1251.6510604796647,2934.389312188397],[1242.9511946521425,3247.39294735082],[3502.2443930993586,3304.311512263171],[3510.94425892688,2991.3078771007486]],"disease_duration":[[1242.9511946521425,3247.39294735082],[1238.3112662107972,3414.3282194374456],[3497.604464658013,3471.246784349797],[3502.2443930993586,3304.311512263171]],"signs_of_death":[[1238.3112662107972,3414.3282194374456],[1231.757367287397,3650.124291259804],[3491.050565734613,3707.0428561721556],[3497.604464658013,3471.246784349797]]},"transform":{"matrix":[[1.0527927299381248,-0.028999552758407463,-97.51594453599478],[0.02652309641768471,1.0433454505414097,-150.3905516144887],[0,0,1]]},"inverse_transform":{"matrix":[[0.9491899264048252,0.02638252108564989,96.52883411646967],[-0.024129549732225565,0.9577846468118012,141.68874552854876],[0,0,1]]},"document_type":{"classification":"A","confidence":0.9999948740005493},"delivery_tag":"Aarhus_kasse6_omegn"},{"image_id":"8011330211-009695.jpg","processed":true,"shape":{"width":4000,"height":6000},"regions":{"name":[[1245.0254532614122,911.6617836021475],[1242.2409155276077,1214.3374664425364],[3516.3036216289897,1242.851864118376],[3519.0881593627946,940.1761812779869]],"birth_date":[[1242.2409155276077,1214.3374664425364],[1240.7046188468878,1381.3309466303372],[2565.3368671896874,1393.7651483464247],[2566.834756453389,1230.946505163319]],"birth_place":[[2566.834756453389,1230.946505163319],[2565.3368671896874,1393.7651483464247],[3514.76732494827,1409.8453443061767],[3516.3036216289897,1242.851864118376]],"bastard_child":[[1240.7046188468878,1381.3309466303372],[1239.2163314374407,1543.1058805622692],[3513.2790375388226,1571.6202782381088],[3514.76732494827,1409.8453443061767]],"caretaker":[[1239.2163314374407,1543.1058805622692],[1237.0559142301786,1777.9404620763642],[3511.1186203315606,1806.4548597522037],[3513.2790375388226,1571.6202782381088]],"father_occupation":[[1237.0559142301786,1777.9404620763642],[1234.175357953829,2091.053237428491],[3508.238064055211,2119.5676351043303],[3511.1186203315606,1806.4548597522037]],"breast_milk":[[1234.175357953829,2091.053237428491],[1231.2948016774794,2404.166012780617],[3505.357507778862,2432.6804104564567],[3508.238064055211,2119.5676351043303]],"residence":[[1231.2948016774794,2404.166012780617],[1229.1343844702174,2639.0005942947123],[3503.1970905715993,2667.514991970552],[3505.357507778862,2432.6804104564567]],"death_date":[[1229.1343844702174,2639.0005942947123],[1227.5980877894976,2805.994074482513],[2795.9556028626416,2821.4843393232245],[2797.453492126343,2658.6656961401186]],"age":[[2797.453492126343,2658.6656961401186],[2795.9556028626416,2821.4843393232245],[3501.6607938908796,2834.5084721583526],[3503.1970905715993,2667.514991970552]],"death_place":[[1227.5980877894976,2805.994074482513],[1225.4376705822356,3040.8286559966077],[3499.5003766836176,3069.3430536724472],[3501.6607938908796,2834.5084721583526]],"death_cause":[[1225.4376705822356,3040.8286559966077],[1222.557114305886,3353.9414313487346],[3496.619820407268,3382.455829024574],[3499.5003766836176,3069.3430536724472]],"disease_duration":[[1222.557114305886,3353.9414313487346],[1221.0208176251663,3520.9349115365353],[3495.0835237265483,3549.449309212375],[3496.619820407268,3382.455829024574]],"signs_of_death":[[1221.0208176251663,3520.9349115365353],[1218.8507985636495,3756.813202301804],[3492.9135046650317,3785.3275999776433],[3495.0835237265483,3549.449309212375]]},"transform":{"matrix":[[1.0596750727406254,-0.009601854254498395,-189.783160358852],[0.013287230976626029,1.0437092511737551,-26.986984523269257],[0,0,1]]},"inverse_transform":{"matrix":[[0.9435766526762979,0.008680660334050213,179.30922403182143],[-0.012012465075079016,0.958010726585629,23.574057065843476],[0,0,1]]},"document_type":{"classification":"A","confidence":0.9999945163726807},"delivery_tag":"Aarhus_kasse6_omegn"},{"image_id":"8011330211-009897.jpg","processed":true,"shape":{"width":4000,"height":6000},"regions":{"name":[[1235.4171393004724,865.9640134590163],[1233.8056355608917,1168.5028284449327],[3510.5391694227037,1172.5533202905992],[3512.1506731622844,870.0145053046829]],"birth_date":[[1233.8056355608917,1168.5028284449327],[1232.916530049399,1335.4207953337143],[2559.0882997781764,1333.607172725839],[2559.955177651882,1170.862155009277]],"birth_place":[[2559.955177651882,1170.862155009277],[2559.0882997781764,1333.607172725839],[3509.650063911211,1339.4712871793806],[3510.5391694227037,1172.5533202905992]],"bastard_child":[[1232.916530049399,1335.4207953337143],[1232.0552090851402,1497.1225757572213],[3508.7887429469524,1501.1730676028878],[3509.650063911211,1339.4712871793806]],"caretaker":[[1232.0552090851402,1497.1225757572213],[1230.8049044596034,1731.8509666945702],[3507.5384383214155,1735.9014585402367],[3508.7887429469524,1501.1730676028878]],"father_occupation":[[1230.8049044596034,1731.8509666945702],[1229.1378316255546,2044.8221546110353],[3505.8713654873663,2048.872646456702],[3507.5384383214155,1735.9014585402367]],"breast_milk":[[1229.1378316255546,2044.8221546110353],[1227.4707587915054,2357.7933425275005],[3504.2042926533177,2361.8438343731673],[3505.8713654873663,2048.872646456702]],"residence":[[1227.4707587915054,2357.7933425275005],[1226.2204541659687,2592.5217334648496],[3502.9539880277807,2596.572225310516],[3504.2042926533177,2361.8438343731673]],"death_date":[[1226.2204541659687,2592.5217334648496],[1225.331348654476,2759.439700353631],[2795.5146341279956,2758.0601938335953],[2796.381512001701,2595.3151761170334]],"age":[[2796.381512001701,2595.3151761170334],[2795.5146341279956,2758.0601938335953],[3502.064882516288,2763.4901921992973],[3502.9539880277807,2596.572225310516]],"death_place":[[1225.331348654476,2759.439700353631],[1224.0810440289392,2994.16809129098],[3500.814577890751,2998.2185831366464],[3502.064882516288,2763.4901921992973]],"death_cause":[[1224.0810440289392,2994.16809129098],[1222.41397119489,3307.1392792074453],[3499.147505056702,3311.1897710531116],[3500.814577890751,2998.2185831366464]],"disease_duration":[[1222.41397119489,3307.1392792074453],[1221.5248656833974,3474.0572460962267],[3498.258399545209,3478.107737941893],[3499.147505056702,3311.1897710531116]],"signs_of_death":[[1221.5248656833974,3474.0572460962267],[1220.2690041484136,3709.8288743266303],[3497.0025380102256,3713.879366172297],[3498.258399545209,3478.107737941893]]},"transform":{"matrix":[[1.0609196336727922,-0.0055569094468300535,-204.65420762976646],[0.0018874612514755435,1.043237293054884,-56.74200123990113],[0,0,1]]},"inverse_transform":{"matrix":[[0.9425695329775257,0.005020692393730836,193.18570504150478],[-0.001705329633210192,0.9585456063494486,54.04079309915],[0,0,1]]},"document_type":{"classification":"A","confidence":0.9999691247940063},"delivery_tag":"Aarhus_kasse6_omegn"},{"image_id":"8011330211-0101100.jpg","processed":true,"shape":{"width":4000,"height":6000},"regions":{"name":[[1258.5996026986152,931.0012514733318],[1254.292974412929,1233.5526037307707],[3524.7418585322466,1272.6338055250646],[3529.048486817933,970.0824532676256]],"birth_date":[[1254.292974412929,1233.5526037307707],[1251.9169036346193,1400.477487734875],[2574.465170804425,1419.0683461766491],[2576.7818398132767,1256.3165842726476]],"birth_place":[[2576.7818398132767,1256.3165842726476],[2574.465170804425,1419.0683461766491],[3522.365787753937,1439.558689529169],[3524.7418585322466,1272.6338055250646]],"bastard_child":[[1251.9169036346193,1400.477487734875],[1249.6150850681317,1562.1859691138511],[3520.0639691874494,1601.267170908145],[3522.365787753937,1439.558689529169]],"caretaker":[[1249.6150850681317,1562.1859691138511],[1246.2737355361337,1796.9240872446228],[3516.722619655451,1836.0052890389168],[3520.0639691874494,1601.267170908145]],"father_occupation":[[1246.2737355361337,1796.9240872446228],[1241.818602826803,2109.9082447523183],[3512.2674869461207,2148.9894465466123],[3516.722619655451,1836.0052890389168]],"breast_milk":[[1241.818602826803,2109.9082447523183],[1237.3634701174724,2422.892402260014],[3507.8123542367903,2461.973604054308],[3512.2674869461207,2148.9894465466123]],"residence":[[1237.3634701174724,2422.892402260014],[1234.0221205854743,2657.6305203907855],[3504.471004704792,2696.7117221850795],[3507.8123542367903,2461.973604054308]],"death_date":[[1234.0221205854743,2657.6305203907855],[1231.6460498071647,2824.5554043948896],[2797.5322682106344,2847.3348352563694],[2799.8489372194863,2684.5830733523676]],"age":[[2799.8489372194863,2684.5830733523676],[2797.5322682106344,2847.3348352563694],[3502.0949339264826,2863.6366061891836],[3504.471004704792,2696.7117221850795]],"death_place":[[1231.6460498071647,2824.5554043948896],[1228.3047002751669,3059.2935225256615],[3498.7535843944843,3098.3747243199555],[3502.0949339264826,2863.6366061891836]],"death_cause":[[1228.3047002751669,3059.2935225256615],[1223.849567565836,3372.2776800333572],[3494.298451685154,3411.3588818276507],[3498.7535843944843,3098.3747243199555]],"disease_duration":[[1223.849567565836,3372.2776800333572],[1221.4734967875263,3539.2025640374613],[3491.9223809068444,3578.2837658317553],[3494.298451685154,3411.3588818276507]],"signs_of_death":[[1221.4734967875263,3539.2025640374613],[1218.1172968131639,3774.9839626932585],[3488.566180932482,3814.0651644875525],[3491.9223809068444,3578.2837658317553]]},"transform":{"matrix":[[1.0579910923202784,-0.014850442364435558,-169.2861748761718],[0.018211184433501372,1.0432805250256518,-13.975804797722049],[0,0,1]]},"inverse_transform":{"matrix":[[0.9449560126360342,0.013450854747080826,160.15597532570143],[-0.016494861942561185,0.9582801749115667,10.600384582724276],[0,0,1]]},"document_type":{"classification":"A","confidence":0.9999960660934448},"delivery_tag":"Aarhus_kasse6_omegn"},{"image_id":"8011330211-0109108.jpg","processed":true,"shape":{"width":4000,"height":6000},"regions":{"name":[[1249.1529192587777,1001.7100787819036],[1248.5174492363979,1303.7465694500852],[3521.9382015750116,1318.1505044771393],[3522.5736715973912,1016.1140138089577]],"birth_date":[[1248.5174492363979,1303.7465694500852],[1248.1668450861196,1470.3873918877027],[2572.3955265101313,1474.6113614403773],[2572.737365556653,1312.1365595637003]],"birth_place":[[2572.737365556653,1312.1365595637003],[2572.3955265101313,1474.6113614403773],[3521.587597424733,1484.7913269147568],[3521.9382015750116,1318.1505044771393]],"bastard_child":[[1248.1668450861196,1470.3873918877027],[1247.8271973155372,1631.8206886241446],[3521.247949654151,1646.2246236511987],[3521.587597424733,1484.7913269147568]],"caretaker":[[1247.8271973155372,1631.8206886241446],[1247.334160229208,1866.1593451770443],[3520.7549125678215,1880.5632802040984],[3521.247949654151,1646.2246236511987]],"father_occupation":[[1247.334160229208,1866.1593451770443],[1246.676777447436,2178.610887247577],[3520.0975297860496,2193.014822274631],[3520.7549125678215,1880.5632802040984]],"breast_milk":[[1246.676777447436,2178.610887247577],[1246.0193946656639,2491.06242931811],[3519.440147004277,2505.466364345164],[3520.0975297860496,2193.014822274631]],"residence":[[1246.0193946656639,2491.06242931811],[1245.5263575793347,2725.4010858710094],[3518.947109917948,2739.8050208980635],[3519.440147004277,2505.466364345164]],"death_date":[[1245.5263575793347,2725.4010858710094],[1245.1757534290564,2892.0419083086267],[2813.0608994559952,2897.8096360422064],[2813.4027385025165,2735.3348341655296]],"age":[[2813.4027385025165,2735.3348341655296],[2813.0608994559952,2897.8096360422064],[3518.59650576767,2906.445843335681],[3518.947109917948,2739.8050208980635]],"death_place":[[1245.1757534290564,2892.0419083086267],[1244.6827163427272,3126.380564861526],[3518.103468681341,3140.7844998885803],[3518.59650576767,2906.445843335681]],"death_cause":[[1244.6827163427272,3126.380564861526],[1244.025333560955,3438.832106932059],[3517.4460858995685,3453.236041959113],[3518.103468681341,3140.7844998885803]],"disease_duration":[[1244.025333560955,3438.832106932059],[1243.67472941