[{"image_id":"DSC_0012.JPG","processed":true,"shape":{"width":4000,"height":6000},"regions":{"name":[[1314.3719266853745,963.27938841967],[1307.204031580679,1260.609730749969],[3509.403517334874,1310.8510777547094],[3516.5714124395695,1013.5207354244102]],"birth_date":[[1307.204031580679,1260.609730749969],[1303.2493308332607,1424.6540575528927],[2586.083220342973,1449.8174804899609],[2589.939053571706,1289.8742618571105]],"birth_place":[[2589.939053571706,1289.8742618571105],[2586.083220342973,1449.8174804899609],[3505.4488165874554,1474.895404557633],[3509.403517334874,1310.8510777547094]],"bastard_child":[[1303.2493308332607,1424.6540575528927],[1299.4182144841993,1583.571999143225],[3501.617700238394,1633.8133461479651],[3505.4488165874554,1474.895404557633]],"caretaker":[[1299.4182144841993,1583.571999143225],[1293.8569165581423,1814.2593337098363],[3496.056402312337,1864.5006807145764],[3501.617700238394,1633.8133461479651]],"father_occupation":[[1293.8569165581423,1814.2593337098363],[1286.441852656733,2121.842446465318],[3488.641338410928,2172.0837934700585],[3496.056402312337,1864.5006807145764]],"breast_milk":[[1286.441852656733,2121.842446465318],[1279.0267887553237,2429.4255592208],[3481.2262745095186,2479.66690622554],[3488.641338410928,2172.0837934700585]],"residence":[[1279.0267887553237,2429.4255592208],[1273.4654908292669,2660.1128937874114],[3475.6649765834613,2710.3542407921514],[3481.2262745095186,2479.66690622554]],"death_date":[[1273.4654908292669,2660.1128937874114],[1269.5107900818484,2824.157220590335],[2788.36792363791,2854.7053172511173],[2792.2237568666424,2694.7620986182665]],"age":[[2792.2237568666424,2694.7620986182665],[2788.36792363791,2854.7053172511173],[3471.7102758360434,2874.3985675950753],[3475.6649765834613,2710.3542407921514]],"death_place":[[1269.5107900818484,2824.157220590335],[1263.9494921557916,3054.844555156946],[3466.148977909986,3105.0859021616866],[3471.7102758360434,2874.3985675950753]],"death_cause":[[1263.9494921557916,3054.844555156946],[1256.5344282543822,3362.427667912428],[3458.733914008577,3412.669014917168],[3466.148977909986,3105.0859021616866]],"disease_duration":[[1256.5344282543822,3362.427667912428],[1252.579727506964,3526.4719947153517],[3454.7792132611585,3576.713341720092],[3458.733914008577,3412.669014917168]],"signs_of_death":[[1252.579727506964,3526.4719947153517],[1246.9937127012356,3758.184606324481],[3449.1931984554303,3808.4259533292216],[3454.7792132611585,3576.713341720092]]},"transform":{"matrix":[[1.0261880175928215,-0.024716879671364274,-61.49586540590508],[0.02341162488571308,1.0252770425182727,27.098403824212255],[0,0,1]]},"inverse_transform":{"matrix":[[0.9739446303807051,0.02347938287642114,59.25731410396727],[-0.022239478112103705,0.974809995784858,-27.78343087033623],[0,0,1]]},"document_type":{"classification":"A","confidence":0.9999896287918091},"delivery_tag":"Aarhus_kasse7_omegn"},{"image_id":"DSC_0013.JPG","processed":true,"shape":{"width":4000,"height":6000},"regions":{"name":[[1352.7319905240238,928.6169301286502],[1348.1547188827512,1224.2886954164635],[3567.1640644599784,1247.4654970090435],[3571.7413361012505,951.7937317212304]],"birth_date":[[1348.1547188827512,1224.2886954164635],[1345.6293276323938,1387.4179452304293],[2638.2188752615257,1396.8397149127247],[2640.6811317306237,1237.788696344108]],"birth_place":[[2640.6811317306237,1237.788696344108],[2638.2188752615257,1396.8397149127247],[3564.6386732096207,1410.5947468230095],[3567.1640644599784,1247.4654970090435]],"bastard_child":[[1345.6293276323938,1387.4179452304293],[1343.1828548586104,1545.4494059877088],[3562.1922004358375,1568.626207580289],[3564.6386732096207,1410.5947468230095]],"caretaker":[[1343.1828548586104,1545.4494059877088],[1339.6315234127953,1774.8499135385982],[3558.6408689900227,1798.0267151311784],[3562.1922004358375,1568.626207580289]],"father_occupation":[[1339.6315234127953,1774.8499135385982],[1334.8964148183757,2080.7172569397844],[3553.9057603956026,2103.8940585323644],[3558.6408689900227,1798.0267151311784]],"breast_milk":[[1334.8964148183757,2080.7172569397844],[1330.1613062239558,2386.58460034097],[3549.1706518011824,2409.7614019335506],[3553.9057603956026,2103.8940585323644]],"residence":[[1330.1613062239558,2386.58460034097],[1326.609974778141,2615.98510789186],[3545.6193203553676,2639.16190948444],[3549.1706518011824,2409.7614019335506]],"death_date":[[1326.609974778141,2615.98510789186],[1324.0845835277835,2779.1143577058256],[2854.498991120923,2791.020127558808],[2856.9612475900212,2631.9691089901908]],"age":[[2856.9612475900212,2631.9691089901908],[2854.498991120923,2791.020127558808],[3543.093929105011,2802.291159298406],[3545.6193203553676,2639.16190948444]],"death_place":[[1324.0845835277835,2779.1143577058256],[1320.5332520819686,3008.514865256715],[3539.542597659196,3031.6916668492954],[3543.093929105011,2802.291159298406]],"death_cause":[[1320.5332520819686,3008.514865256715],[1315.7981434875487,3314.382208657901],[3534.807489064776,3337.5590102504816],[3539.542597659196,3031.6916668492954]],"disease_duration":[[1315.7981434875487,3314.382208657901],[1313.2727522371915,3477.511458471867],[3532.282097814419,3500.688260064447],[3534.807489064776,3337.5590102504816]],"signs_of_death":[[1313.2727522371915,3477.511458471867],[1309.705637096062,3707.9315238340937],[3528.7149826732893,3731.108325426674],[3532.282097814419,3500.688260064447]]},"transform":{"matrix":[[1.0340211302782978,-0.015783695314732865,-41.68356964742338],[0.010800000742115647,1.0195578113372867,14.657339518401841],[0,0,1]]},"inverse_transform":{"matrix":[[0.9669418775579548,0.01496915212920829,40.08618115313692],[-0.010242649194665332,0.9806587934768247,-14.80079906877609],[0,0,1]]},"document_type":{"classification":"A","confidence":0.999997615814209},"delivery_tag":"Aarhus_kasse7_omegn"},{"image_id":"DSC_0018.JPG","processed":true,"shape":{"width":4000,"height":6000},"regions":{"name":[[1357.544434946357,826.6253940602938],[1340.611098688929,1438.4024390531533],[3491.612529767933,1519.2084815439675],[3508.545866025361,907.4314365511079]],"birth_date":[[1340.611098688929,1438.4024390531533],[1334.1199864569148,1672.9169729670828],[2475.8805197457764,1712.8098957910195],[2482.2587430694075,1482.3738755103757]],"birth_place":[[2482.2587430694075,1482.3738755103757],[2475.8805197457764,1712.8098957910195],[3485.121417535919,1753.723015457897],[3491.612529767933,1519.2084815439675]],"occupation":[[1334.1199864569148,1672.9169729670828],[1318.8799838252298,2223.5163134606564],[3469.881414904234,2304.3223559514704],[3485.121417535919,1753.723015457897]],"residence":[[1318.8799838252298,2223.5163134606564],[1312.6710938641731,2447.8345632913715],[3463.6725249431775,2528.6406057821855],[3469.881414904234,2304.3223559514704]],"death_date":[[1312.6710938641731,2447.8345632913715],[1306.179981632159,2682.349097205301],[2447.9405149210206,2722.2420200292377],[2454.3187382446517,2491.805999748594]],"death_age":[[2454.3187382446517,2491.805999748594],[2447.9405149210206,2722.2420200292377],[3457.1814127111634,2763.155139696115],[3463.6725249431775,2528.6406057821855]],"death_location":[[1306.179981632159,2682.349097205301],[1289.5288676456885,3283.929858114946],[3073.7321773588965,3352.6498198702157],[3094.424521944944,2751.224710063074]],"manner_of_death":[[1289.5288676456885,3283.929858114946],[1283.0095331865787,3519.4640204371967],[3067.2128428997867,3588.1839821924664],[3073.7321773588965,3352.6498198702157]],"signs_of_violence":[[1283.0095331865787,3519.4640204371967],[1272.3133091173036,3905.9031871910197],[3056.5166188305116,3974.6231489462893],[3067.2128428997867,3588.1839821924664]],"signs_of_decay":[[1272.3133091173036,3905.9031871910197],[1263.9877521240683,4206.6935676458415],[3048.1910618372763,4275.413529401112],[3056.5166188305116,3974.6231489462893]],"death_cause":[[1263.9877521240683,4206.6935676458415],[1257.7506399359158,4432.031445884879],[3045.9951802487008,4500.907058742652],[3048.1910618372763,4275.413529401112]],"legal_autopsy":[[1823.4100349683008,4457.901113868647],[1814.9151446124915,4764.809264773397],[3400.0314028423445,4827.9026665470155],[3408.639182106537,4516.9160020089785]]},"transform":{"matrix":[[1.0103076498942287,-0.028222227095712968,-3.1412118681920447],[0.03891277562586051,1.0196284083214324,-146.46775840431883],[0,0,1]]},"inverse_transform":{"matrix":[[0.9887434387011345,0.027367364069776697,7.114289092980106],[-0.03773409142754097,0.9797050099329643,143.37666592653454],[0,0,1]]},"document_type":{"classification":"B2","confidence":0.998855471611023},"delivery_tag":"Aarhus_kasse7_omegn"},{"image_id":"DSC_0023.JPG","processed":true,"shape":{"width":4000,"height":6000},"regions":{"sex_of_child":[[1312.3870311052954,869.7553374674327],[1309.6630229317384,1106.5064479776913],[3518.5828810439475,1119.074481469663],[3521.3068892175042,882.3233709594042]],"bastard_child":[[1309.6630229317384,1106.5064479776913],[1307.0549299996094,1333.183043147088],[2248.3634272026234,1335.367364678799],[2250.925154038181,1112.7205756457472]],"birth_date":[[2250.925154038181,1112.7205756457472],[2248.3634272026234,1335.367364678799],[3515.9747881118183,1345.7510766390596],[3518.5828810439475,1119.074481469663]],"parental_occupation":[[1307.0549299996094,1333.183043147088],[1301.8967017560656,1781.4989758154502],[3510.8165598682745,1794.0670093074218],[3515.9747881118183,1345.7510766390596]],"mother_age":[[1301.8967017560656,1781.4989758154502],[1299.2306512032228,2013.212828655278],[3508.1505093154315,2025.7808621472495],[3510.8165598682745,1794.0670093074218]],"residence":[[1299.2306512032228,2013.212828655278],[1295.7531939603841,2315.4482888811403],[3504.6730520725932,2328.016322373112],[3508.1505093154315,2025.7808621472495]],"birth_place":[[1295.7531939603841,2315.4482888811403],[1292.2757367175457,2617.6837491070023],[3501.1955948297546,2630.251782598974],[3504.6730520725932,2328.016322373112]],"full_term":[[1292.2757367175457,2617.6837491070023],[1288.6823642332793,2929.993724673727],[3497.602222345488,2942.5617581656984],[3501.1955948297546,2630.251782598974]],"natural_birth":[[1288.6823642332793,2929.993724673727],[1285.2049069904406,3232.2291848995887],[3494.1247651026497,3244.7972183915604],[3497.602222345488,2942.5617581656984]],"expected_death_cause":[[1285.2049069904406,3232.2291848995887],[1281.6115345061742,3544.539160466313],[3490.531392618383,3557.107193958285],[3494.1247651026497,3244.7972183915604]],"death_signs":[[1281.6115345061742,3544.539160466313],[1277.426994290625,3908.229164271434],[3486.300486306263,3924.8270038997503],[3490.531392618383,3557.107193958285]]},"transform":{"matrix":[[1.0231110120722202,-0.01159152414279516,-80.98163792241758],[0.006754486595712826,1.0074515340862074,-38.15858654678232],[0,0,1]]},"inverse_transform":{"matrix":[[0.9773368029413605,0.011245030419465927,79.57542957053283],[-0.00655258155019035,0.9925281879685937,37.34283397416598],[0,0,1]]},"document_type":{"classification":"C","confidence":0.9995502829551697},"delivery_tag":"Aarhus_kasse7_omegn"},{"image_id":"DSC_0025.JPG","processed":true,"shape":{"width":4000,"height":6000},"regions":{"name":[[1383.5848035424924,1082.6808665983087],[1378.3179103989537,1378.229043593606],[3589.0063517101476,1425.2658795372515],[3594.2732448536863,1129.7177025419542]],"birth_date":[[1378.3179103989537,1378.229043593606],[1375.4120383197599,1541.2901067634252],[2663.164345717729,1564.6115507944112],[2665.9975709949426,1405.6270142038375]],"birth_place":[[2665.9975709949426,1405.6270142038375],[2663.164345717729,1564.6115507944112],[3586.100479630954,1588.3269427070707],[3589.0063517101476,1425.2658795372515]],"bastard_child":[[1375.4120383197599,1541.2901067634252],[1372.5969747430408,1699.2555117091874],[3583.2854160542347,1746.2923476528329],[3586.100479630954,1588.3269427070707]],"caretaker":[[1372.5969747430408,1699.2555117091874],[1368.5105921316747,1928.5601317917456],[3579.1990334428688,1975.596967735391],[3583.2854160542347,1746.2923476528329]],"father_occupation":[[1368.5105921316747,1928.5601317917456],[1363.0620819831865,2234.2996252351563],[3573.7505232943804,2281.336461178802],[3579.1990334428688,1975.596967735391]],"breast_milk":[[1363.0620819831865,2234.2996252351563],[1357.6135718346982,2540.0391186785673],[3568.302013145892,2587.075954622213],[3573.7505232943804,2281.336461178802]],"residence":[[1357.6135718346982,2540.0391186785673],[1353.527189223332,2769.3437387611257],[3564.2156305345256,2816.380574704771],[3568.302013145892,2587.075954622213]],"death_date":[[1353.527189223332,2769.3437387611257],[1350.6213171441382,2932.404801930945],[2875.306682091769,2960.7674725542133],[2878.1399073689827,2801.78293596364]],"age":[[2878.1399073689827,2801.78293596364],[2875.306682091769,2960.7674725542133],[3561.309758455332,2979.44163787459],[3564.2156305345256,2816.380574704771]],"death_place":[[1350.6213171441382,2932.404801930945],[1346.534934532772,3161.7094220135027],[3557.2233758439656,3208.7462579571484],[3561.309758455332,2979.44163787459]],"death_cause":[[1346.534934532772,3161.7094220135027],[1341.0864243842836,3467.4489154569137],[3551.7748656954777,3514.4857514005594],[3557.2233758439656,3208.7462579571484]],"disease_duration":[[1341.0864243842836,3467.4489154569137],[1338.18055230509,3630.509978626733],[3548.8689936162837,3677.5468145703785],[3551.7748656954777,3514.4857514005594]],"signs_of_death":[[1338.18055230509,3630.509978626733],[1334.0760079932288,3860.8337303541025],[3544.7644493044227,3907.8705662977477],[3548.8689936162837,3677.5468145703785]]},"transform":{"matrix":[[1.0301437284767911,-0.018161700494960936,-3.452334806341696],[0.021918376488185197,1.0191316448113696,153.95392709777252],[0,0,1]]},"inverse_transform":{"matrix":[[0.9703703897115071,0.017292737868404483,0.6877585663311584],[-0.020869672375466726,0.9808555904923432,-151.0786191684396],[0,0,1]]},"document_type":{"classification":"A","confidence":0.9999971389770508},"delivery_tag":"Aarhus_kasse7_omegn"},{"image_id":"DSC_0029.JPG","processed":true,"shape":{"width":4000,"height":6000},"regions":{"name":[[1410.803655826141,943.6724839110447],[1401.7765989053767,1237.526631048814],[3594.450868299865,1297.5394356482288],[3603.47792522063,1003.6852885104596]],"birth_date":[[1401.7765989053767,1237.526631048814],[1396.7961537077135,1399.653057055859],[2674.10744803575,1430.5560966616329],[2678.9633821034713,1272.482831304764]],"birth_place":[[2678.9633821034713,1272.482831304764],[2674.10744803575,1430.5560966616329],[3589.4704231022024,1459.665861655274],[3594.450868299865,1297.5394356482288]],"bastard_child":[[1396.7961537077135,1399.653057055859],[1391.9713474224775,1556.713032250184],[3584.645616816966,1616.7258368495989],[3589.4704231022024,1459.665861655274]],"caretaker":[[1391.9713474224775,1556.713032250184],[1384.9675963632637,1784.7033188225912],[3577.6418657577524,1844.7161234220061],[3584.645616816966,1616.7258368495989]],"father_occupation":[[1384.9675963632637,1784.7033188225912],[1375.6292616176454,2088.6903675858007],[3568.303531012134,2148.703172185216],[3577.6418657577524,1844.7161234220061]],"breast_milk":[[1375.6292616176454,2088.6903675858007],[1366.290926872027,2392.6774163490104],[3558.9651962665157,2452.6902209484256],[3568.303531012134,2148.703172185216]],"residence":[[1366.290926872027,2392.6774163490104],[1359.2871758128133,2620.6677029214175],[3551.961445207302,2680.6805075208326],[3558.9651962665157,2452.6902209484256]],"death_date":[[1359.2871758128133,2620.6677029214175],[1354.3067306151502,2782.7941289284627],[2866.620393051636,2820.1291093813315],[2871.476327119358,2662.055844024462]],"age":[[2871.476327119358,2662.055844024462],[2866.620393051636,2820.1291093813315],[3546.9810000096386,2842.806933527878],[3551.961445207302,2680.6805075208326]],"death_place":[[1354.3067306151502,2782.7941289284627],[1347.3029795559364,3010.78441550087],[3539.977248950425,3070.797220100285],[3546.9810000096386,2842.806933527878]],"death_cause":[[1347.3029795559364,3010.78441550087],[1337.9646448103183,3314.7714642640794],[3530.6389142048065,3374.7842688634946],[3539.977248950425,3070.797220100285]],"disease_duration":[[1337.9646448103183,3314.7714642640794],[1332.9841996126552,3476.8978902711247],[3525.658469007144,3536.91069487054],[3530.6389142048065,3374.7842688634946]],"signs_of_death":[[1332.9841996126552,3476.8978902711247],[1325.949320770956,3705.901467006076],[3518.6235901654445,3765.9142716054907],[3525.658469007144,3536.91069487054]]},"transform":{"matrix":[[1.0217494265584757,-0.03112778248539435,46.63564100561484],[0.02796496020475999,1.013290162544032,11.862284748325237],[0,0,1]]},"inverse_transform":{"matrix":[[0.9778913468326875,0.03004034803035452,-45.96093695566127],[-0.026988017459971068,0.9860550904335618,-10.438262766542026],[0,0,1]]},"document_type":{"classification":"A","confidence":0.9999982118606567},"delivery_tag":"Aarhus_kasse7_omegn"},{"image_id":"DSC_0030.JPG","processed":true,"shape":{"width":4000,"height":6000},"regions":{"name":[[1371.7486455291264,935.9790979974206],[1365.9490915827798,1230.3441855349795],[3574.1020969375686,1266.2348958708121],[3579.901650883915,971.8698083332532]],"birth_date":[[1365.9490915827798,1230.3441855349795],[1362.7493376813472,1392.7525096936326],[2649.032153846444,1409.5978877591867],[2652.1519139003412,1251.2497717044998]],"birth_place":[[2652.1519139003412,1251.2497717044998],[2649.032153846444,1409.5978877591867],[3570.902343036136,1428.6432200294653],[3574.1020969375686,1266.2348958708121]],"bastard_child":[[1362.7493376813472,1392.7525096936326],[1359.6495760893345,1550.085573722328],[3567.8025814441235,1585.9762840581607],[3570.902343036136,1428.6432200294653]],"caretaker":[[1359.6495760893345,1550.085573722328],[1355.1499221654449,1778.472279570434],[3563.3029275202334,1814.3629899062666],[3567.8025814441235,1585.9762840581607]],"father_occupation":[[1355.1499221654449,1778.472279570434],[1349.150383600259,2082.987887367909],[3557.303388955047,2118.8785977037414],[3563.3029275202334,1814.3629899062666]],"breast_milk":[[1349.150383600259,2082.987887367909],[1343.1508450350727,2387.503495165384],[3551.3038503898615,2423.394205501216],[3557.303388955047,2118.8785977037414]],"residence":[[1343.1508450350727,2387.503495165384],[1338.6511911111832,2615.89020101349],[3546.8041964659715,2651.780911349322],[3551.3038503898615,2423.394205501216]],"death_date":[[1338.6511911111832,2615.89020101349],[1335.4514372097506,2778.298525172143],[2858.3955726812783,2798.990531092889],[2861.5153327351754,2640.6424150382018]],"age":[[2861.5153327351754,2640.6424150382018],[2858.3955726812783,2798.990531092889],[3543.6044425645387,2814.1892355079754],[3546.8041964659715,2651.780911349322]],"death_place":[[1335.4514372097506,2778.298525172143],[1330.951783285861,3006.685231020249],[3539.1047886406495,3042.5759413560813],[3543.6044425645387,2814.1892355079754]],"death_cause":[[1330.951783285861,3006.685231020249],[1324.9522447206748,3311.2008388177237],[3533.105250075463,3347.091549153556],[3539.1047886406495,3042.5759413560813]],"disease_duration":[[1324.9522447206748,3311.2008388177237],[1321.7524908192422,3473.609162976377],[3529.905496174031,3509.4998733122093],[3533.105250075463,3347.091549153556]],"signs_of_death":[[1321.7524908192422,3473.609162976377],[1317.2328384334687,3703.0109208504746],[3525.3858437882573,3738.901631186307],[3529.905496174031,3509.4998733122093]]},"transform":{"matrix":[[1.0289622578540487,-0.019998461883953662,-12.059306286440687],[0.016724468935616316,1.0150520259915825,17.92448438253541],[0,0,1]]},"inverse_transform":{"matrix":[[0.9715418281837607,0.01914122795885215,11.373023834545508],[-0.016007574694743707,0.9848557980572935,-17.846072617474398],[0,0,1]]},"document_type":{"classification":"A","confidence":0.9999958276748657},"delivery_tag":"Aarhus_kasse7_omegn"},{"image_id":"DSC_0039.JPG","processed":true,"shape":{"width":4000,"height":6000},"regions":{"name":[[1411.7041023488077,995.5727051798791],[1403.7911475793633,1288.8619293552308],[3597.6062485042667,1341.6065332150008],[3605.519203273711,1048.317309039649]],"birth_date":[[1403.7911475793633,1288.8619293552308],[1399.4253794307042,1450.6766737278385],[2677.385817276606,1477.353930852313],[2681.6424412215483,1319.5845550890203]],"birth_place":[[2681.6424412215483,1319.5845550890203],[2677.385817276606,1477.353930852313],[3593.2404803556074,1503.4212775876085],[3597.6062485042667,1341.6065332150008]],"bastard_child":[[1399.4253794307042,1450.6766737278385],[1395.1960415366907,1607.4347073388024],[3589.0111424615943,1660.1793111985723],[3593.2404803556074,1503.4212775876085]],"caretaker":[[1395.1960415366907,1607.4347073388024],[1389.056680077639,1834.986691612782],[3582.8717810025423,1887.731295472552],[3589.0111424615943,1660.1793111985723]],"father_occupation":[[1389.056680077639,1834.986691612782],[1380.8708647989033,2138.3893373114215],[3574.6859657238065,2191.1339411711915],[3582.8717810025423,1887.731295472552]],"breast_milk":[[1380.8708647989033,2138.3893373114215],[1372.6850495201675,2441.7919830100614],[3566.500150445071,2494.5365868698314],[3574.6859657238065,2191.1339411711915]],"residence":[[1372.6850495201675,2441.7919830100614],[1366.5456880611157,2669.343967284041],[3560.360788986019,2722.088571143811],[3566.500150445071,2494.5365868698314]],"death_date":[[1366.5456880611157,2669.343967284041],[1362.1799199124566,2831.158711656649],[2875.2649957885205,2863.4889319161402],[2879.521619733463,2705.719556152848]],"age":[[2879.521619733463,2705.719556152848],[2875.2649957885205,2863.4889319161402],[3555.9950208373602,2883.903315516419],[3560.360788986019,2722.088571143811]],"death_place":[[1362.1799199124566,2831.158711656649],[1356.0405584534049,3058.7106959306284],[3549.8556593783082,3111.4552997903984],[3555.9950208373602,2883.903315516419]],"death_cause":[[1356.0405584534049,3058.7106959306284],[1347.8547431746692,3362.113341629268],[3541.6698440995724,3414.857945489038],[3549.8556593783082,3111.4552997903984]],"disease_duration":[[1347.8547431746692,3362.113341629268],[1343.4889750260102,3523.9280860018757],[3537.3040759509136,3576.6726898616457],[3541.6698440995724,3414.857945489038]],"signs_of_death":[[1343.4889750260102,3523.9280860018757],[1337.3223275160292,3752.491412428184],[3531.1374284409326,3805.236016287954],[3537.3040759509136,3576.6726898616457]]},"transform":{"matrix":[[1.022281034913748,-0.027286050929119027,43.423629715765856],[0.024578100587031672,1.0113421523287986,70.09355382634158],[0,0,1]]},"inverse_transform":{"matrix":[[0.9775704734579972,0.02637488970884493,-44.29836801197673],[-0.023757365766112596,0.9881440746898322,-68.23089883340256],[0,0,1]]},"document_type":{"classification":"A","confidence":0.9999958276748657},"delivery_tag":"Aarhus_kasse7_omegn"},{"image_id":"DSC_0058.JPG","processed":true,"shape":{"width":4000,"height":6000},"regions":{"name":[[1372.993236836635,1018.8855590790796],[1369.0086707510932,1311.2077943475012],[3565.8243220953827,1333.0006118187057],[3569.8088881809244,1040.678376550284]],"birth_date":[[1369.0086707510932,1311.2077943475012],[1366.8102894625185,1472.4890275990442],[2646.464300336933,1481.1508559658012],[2648.607722093294,1323.9016535455467]],"birth_place":[[2648.607722093294,1323.9016535455467],[2646.464300336933,1481.1508559658012],[3563.625940806808,1494.2818450702487],[3565.8243220953827,1333.0006118187057]],"bastard_child":[[1366.8102894625185,1472.4890275990442],[1364.6806075892116,1628.7302223114766],[3561.496258933502,1650.523039782681],[3563.625940806808,1494.2818450702487]],"caretaker":[[1364.6806075892116,1628.7302223114766],[1361.5891339021532,1855.531956571459],[3558.4047852464428,1877.3247740426634],[3561.496258933502,1650.523039782681]],"father_occupation":[[1361.5891339021532,1855.531956571459],[1357.4671689860756,2157.934268918102],[3554.282820330365,2179.7270863893064],[3558.4047852464428,1877.3247740426634]],"breast_milk":[[1357.4671689860756,2157.934268918102],[1353.3452040699979,2460.3365812647453],[3550.1608554142877,2482.1293987359495],[3554.282820330365,2179.7270863893064]],"residence":[[1353.3452040699979,2460.3365812647453],[1350.2537303829395,2687.1383155247277],[3547.0693817272295,2708.931132995932],[3550.1608554142877,2482.1293987359495]],"death_date":[[1350.2537303829395,2687.1383155247277],[1348.0553490943648,2848.419548776271],[2863.155585415745,2859.417047235468],[2865.299007172105,2702.1678448152134]],"age":[[2865.299007172105,2702.1678448152134],[2863.155585415745,2859.417047235468],[3544.871000438655,2870.212366247475],[3547.0693817272295,2708.931132995932]],"death_place":[[1348.0553490943648,2848.419548776271],[1344.9638754073064,3075.221283036253],[3541.7795267515967,3097.0141005074574],[3544.871000438655,2870.212366247475]],"death_cause":[[1344.9638754073064,3075.221283036253],[1340.8419104912286,3377.6235953828964],[3537.657561835518,3399.4164128541006],[3541.7795267515967,3097.0141005074574]],"disease_duration":[[1340.8419104912286,3377.6235953828964],[1338.643529202654,3538.904828634439],[3535.4591805469436,3560.697646105644],[3537.657561835518,3399.4164128541006]],"signs_of_death":[[1338.643529202654,3538.904828634439],[1335.538315632542,3766.714570602244],[3532.3539669768315,3788.507388073448],[3535.4591805469436,3560.697646105644]]},"transform":{"matrix":[[1.0236792410737603,-0.013739883053592427,-9.13931265255792],[0.010155087358436326,1.0080077078221439,115.9915317977584],[0,0,1]]},"inverse_transform":{"matrix":[[0.9767364217035686,0.013313632529047366,7.382430906252904],[-0.009840047463522327,0.9919217791090826,-115.14445785270537],[0,0,1]]},"document_type":{"classification":"A","confidence":0.9999953508377075},"delivery_tag":"Aarhus_kasse7_omegn"},{"image_id":"DSC_0061.JPG","processed":true,"shape":{"width":4000,"height":6000},"regions":{"name":[[1357.1829276453907,1029.7148981940875],[1353.6954736864543,1321.3744043121499],[3547.7591972917853,1342.466957481495],[3551.2466512507217,1050.8074513634324]],"birth_date":[[1353.6954736864543,1321.3744043121499],[1351.7713611573859,1482.2899938945293],[2629.8155751107165,1490.553074081196],[2631.6915848265585,1333.660374238376]],"birth_place":[[2631.6915848265585,1333.660374238376],[2629.8155751107165,1490.553074081196],[3545.8350847627166,1503.3825470638742],[3547.7591972917853,1342.466957481495]],"bastard_child":[[1351.7713611573859,1482.2899938945293],[1349.9073771448507,1638.1769713024592],[3543.971100750182,1659.2695244718043],[3545.8350847627166,1503.3825470638742]],"caretaker":[[1349.9073771448507,1638.1769713024592],[1347.2015939008484,1864.46451915268],[3541.265317506179,1885.557072322025],[3543.971100750182,1659.2695244718043]],"father_occupation":[[1347.2015939008484,1864.46451915268],[1343.593882908845,2166.181249619641],[3537.6576065141758,2187.2738027889864],[3541.265317506179,1885.557072322025]],"breast_milk":[[1343.593882908845,2166.181249619641],[1339.9861719168416,2467.8979800866023],[3534.049895522173,2488.9905332559474],[3537.6576065141758,2187.2738027889864]],"residence":[[1339.9861719168416,2467.8979800866023],[1337.280388672839,2694.1855279368233],[3531.34411227817,2715.2780811061684],[3534.049895522173,2488.9905332559474]],"death_date":[[1337.280388672839,2694.1855279368233],[1335.3562761437709,2855.1011175192025],[2848.551774546881,2865.6248161722947],[2850.4277842627225,2708.732116329475]],"age":[[2850.4277842627225,2708.732116329475],[2848.551774546881,2865.6248161722947],[3529.419999749102,2876.1936706885476],[3531.34411227817,2715.2780811061684]],"death_place":[[1335.3562761437709,2855.1011175192025],[1332.6504928997683,3081.3886653694235],[3526.714216505099,3102.4812185387686],[3529.419999749102,2876.1936706885476]],"death_cause":[[1332.6504928997683,3081.3886653694235],[1329.042781907765,3383.1053958363846],[3523.106505513096,3404.1979490057297],[3526.714216505099,3102.4812185387686]],"disease_duration":[[1329.042781907765,3383.1053958363846],[1327.1186693786965,3544.0209854187638],[3521.1823929840275,3565.113538588109],[3523.106505513096,3404.1979490057297]],"signs_of_death":[[1327.1186693786965,3544.0209854187638],[1324.4008604313874,3771.3142557038746],[3518.4645840367184,3792.4068088732197],[3521.1823929840275,3565.113538588109]]},"transform":{"matrix":[[1.0223968889120834,-0.012025703306677665,-24.71496473637717],[0.009828775940980916,1.0057224348898706,129.2809177896056],[0,0,1]]},"inverse_transform":{"matrix":[[0.9779813232864916,0.01169399510770903,22.65896349770934],[-0.009557666178640558,0.9941958413721989,-128.76676821777417],[0,0,1]]},"document_type":{"classification":"A","confidence":0.9999972581863403},"delivery_tag":"Aarhus_kasse7_omegn"},{"image_id":"DSC_0063.JPG","processed":true,"shape":{"width":4000,"height":6000},"regions":{"name":[[1402.092231282378,1044.045772625299],[1396.712878557536,1336.0943078400599],[3583.160776002062,1382.3640316417302],[3588.5401287269037,1090.3154964269693]],"birth_date":[[1396.712878557536,1336.0943078400599],[1393.7449598127957,1497.2245341654452],[2667.379209880975,1520.1474223806042],[2670.272930657097,1363.0454517133535]],"birth_place":[[2670.272930657097,1363.0454517133535],[2667.379209880975,1520.1474223806042],[3580.192857257322,1543.4942579671156],[3583.160776002062,1382.3640316417302]],"bastard_child":[[1393.7449598127957,1497.2245341654452],[1390.8697885288286,1653.3194409181624],[3577.3176859733544,1699.5891647198325],[3580.192857257322,1543.4942579671156]],"caretaker":[[1390.8697885288286,1653.3194409181624],[1386.6961527940375,1879.9088216882355],[3573.1440502385635,1926.1785454899057],[3577.3176859733544,1699.5891647198325]],"father_occupation":[[1386.6961527940375,1879.9088216882355],[1381.1313051476495,2182.027996048333],[3567.5792025921755,2228.2977198500034],[3573.1440502385635,1926.1785454899057]],"breast_milk":[[1381.1313051476495,2182.027996048333],[1375.5664575012615,2484.1471704084306],[3562.0143549457875,2530.416894210101],[3567.5792025921755,2228.2977198500034]],"residence":[[1375.5664575012615,2484.1471704084306],[1371.3928217664704,2710.7365511785038],[3557.840719210996,2757.006274980174],[3562.0143549457875,2530.416894210101]],"death_date":[[1371.3928217664704,2710.7365511785038],[1368.4249030217302,2871.866777503889],[2876.394202676229,2899.748676191734],[2879.2879234523502,2742.646705524483]],"age":[[2879.2879234523502,2742.646705524483],[2876.394202676229,2899.748676191734],[3554.872800466256,2918.1365013055592],[3557.840719210996,2757.006274980174]],"death_place":[[1368.4249030217302,2871.866777503889],[1364.251267286939,3098.456158273962],[3550.6991647314653,3144.7258820756324],[3554.872800466256,2918.1365013055592]],"death_cause":[[1364.251267286939,3098.456158273962],[1358.686419640551,3400.5753326340596],[3545.134317085077,3446.84505643573],[3550.6991647314653,3144.7258820756324]],"disease_duration":[[1358.686419640551,3400.5753326340596],[1355.7185008958108,3561.705558959445],[3542.166398340337,3607.975282761115],[3545.134317085077,3446.84505643573]],"signs_of_death":[[1355.7185008958108,3561.705558959445],[1351.526315668865,3789.3020036440516],[3537.974213113391,3835.571727445722],[3542.166398340337,3607.975282761115]]},"transform":{"matrix":[[1.0188480416796486,-0.018549492154626836,30.78185059507723],[0.02156091509863478,1.0070639145336584,126.44943364227174],[0,0,1]]},"inverse_transform":{"matrix":[[0.981118203232666,0.01807158825867914,-32.485776048344846],[-0.02100542574938783,0.9925987274429818,-124.86696104210107],[0,0,1]]},"document_type":{"classification":"A","confidence":0.9999977350234985},"delivery_tag":"Aarhus_kasse7_omegn"},{"image_id":"DSC_0064.JPG","processed":true,"shape":{"width":4000,"height":6000},"regions":{"name":[[1412.4362397322093,1047.7031127017246],[1407.420317440053,1339.617632697733],[3598.481561025919,1382.9501446316751],[3603.497483318075,1091.0356246356669]],"birth_date":[[1407.420317440053,1339.617632697733],[1404.652912037484,1500.6739195920823],[2680.9693266610534,1521.887791971181],[2683.6675469285583,1364.8579122491903]],"birth_place":[[2683.6675469285583,1364.8579122491903],[2680.9693266610534,1521.887791971181],[3595.71415562335,1544.0064315260245],[3598.481561025919,1382.9501446316751]],"bastard_child":[[1404.652912037484,1500.6739195920823],[1401.9719880537455,1656.6971975209833],[3593.033231639611,1700.0297094549255],[3595.71415562335,1544.0064315260245]],"caretaker":[[1401.9719880537455,1656.6971975209833],[1398.0803242063828,1883.182600966162],[3589.1415677922487,1926.5151129001042],[3593.033231639611,1700.0297094549255]],"father_occupation":[[1398.0803242063828,1883.182600966162],[1392.891439076566,2185.1631388930673],[3583.952682662432,2228.4956508270093],[3589.1415677922487,1926.5151129001042]],"breast_milk":[[1392.891439076566,2185.1631388930673],[1387.7025539467493,2487.1436768199724],[3578.763797532615,2530.4761887539144],[3583.952682662432,2228.4956508270093]],"residence":[[1387.7025539467493,2487.1436768199724],[1383.8108900993866,2713.629080265151],[3574.8721336852527,2756.961592199093],[3578.763797532615,2530.4761887539144]],"death_date":[[1383.8108900993866,2713.629080265151],[1381.0434846968178,2874.6853671595004],[2892.189389546272,2900.543450976067],[2894.887609813777,2743.513571254077]],"age":[[2894.887609813777,2743.513571254077],[2892.189389546272,2900.543450976067],[3572.1047282826835,2918.017879093443],[3574.8721336852527,2756.961592199093]],"death_place":[[1381.0434846968178,2874.6853671595004],[1377.1518208494551,3101.170770604679],[3568.213064435321,3144.5032825386215],[3572.1047282826835,2918.017879093443]],"death_cause":[[1377.1518208494551,3101.170770604679],[1371.9629357196384,3403.151308531584],[3563.0241793055043,3446.4838204655266],[3568.213064435321,3144.5032825386215]],"disease_duration":[[1371.9629357196384,3403.151308531584],[1369.1955303170696,3564.2075954259335],[3560.2567739029355,3607.540107359876],[3563.0241793055043,3446.4838204655266]],"signs_of_death":[[1369.1955303170696,3564.2075954259335],[1365.286570185941,3791.699600664202],[3556.3478137718066,3835.0321125981445],[3560.2567739029355,3607.540107359876]]},"transform":{"matrix":[[1.0209977835908042,-0.01729628376605587,37.0925807631952],[0.02019222364116603,1.0066017930896836,132.37852259735564],[0,0,1]]},"inverse_transform":{"matrix":[[0.979101333217717,0.016823747594445663,-38.544498128833794],[-0.01964057010768162,0.9931040238441392,-130.73712402902183],[0,0,1]]},"document_type":{"classification":"A","confidence":0.9999969005584717},"delivery_tag":"Aarhus_kasse7_omegn"},{"image_id":"DSC_0069.JPG","processed":true,"shape":{"width":4000,"height":6000},"regions":{"name":[[1398.992459485803,1071.7373562039083],[1394.4669753126502,1363.4223787601672],[3576.924479461779,1403.6766069577175],[3581.4499636349315,1111.9915844014583]],"birth_date":[[1394.4669753126502,1363.4223787601672],[1391.970156458497,1524.3520463774137],[2663.268308610378,1543.7760485112778],[2665.7027069931773,1386.8696225844626]],"birth_place":[[2665.7027069931773,1386.8696225844626],[2663.268308610378,1543.7760485112778],[3574.4276606076255,1564.606274574964],[3576.924479461779,1403.6766069577175]],"bastard_child":[[1391.970156458497,1524.3520463774137],[1389.5513631935362,1680.2526618816212],[3572.008867342665,1720.5068900791714],[3574.4276606076255,1564.606274574964]],"caretaker":[[1389.5513631935362,1680.2526618816212],[1386.0402116798832,1906.560006968374],[3568.4977158290117,1946.814235165924],[3572.008867342665,1720.5068900791714]],"father_occupation":[[1386.0402116798832,1906.560006968374],[1381.3586763283458,2208.303133750711],[3563.8161804774745,2248.557361948261],[3568.4977158290117,1946.814235165924]],"breast_milk":[[1381.3586763283458,2208.303133750711],[1376.6771409768087,2510.046260533048],[3559.1346451259374,2550.300488730598],[3563.8161804774745,2248.557361948261]],"residence":[[1376.6771409768087,2510.046260533048],[1373.1659894631557,2736.3536056198004],[3555.623493612284,2776.6078338173506],[3559.1346451259374,2550.300488730598]],"death_date":[[1373.1659894631557,2736.3536056198004],[1370.6691706090025,2897.283273237047],[2875.8746973901,2921.0215682345815],[2878.3090957728996,2764.1151423077663]],"age":[[2878.3090957728996,2764.1151423077663],[2875.8746973901,2921.0215682345815],[3553.1266747581312,2937.5375014345973],[3555.623493612284,2776.6078338173506]],"death_place":[[1370.6691706090025,2897.283273237047],[1367.1580190953496,3123.5906183238],[3549.615523244478,3163.84484652135],[3553.1266747581312,2937.5375014345973]],"death_cause":[[1367.1580190953496,3123.5906183238],[1362.4764837438122,3425.3337451061366],[3544.933987892941,3465.587973303687],[3549.615523244478,3163.84484652135]],"disease_duration":[[1362.4764837438122,3425.3337451061366],[1359.979664889659,3586.263412723383],[3542.437169038788,3626.5176409209334],[3544.933987892941,3465.587973303687]],"signs_of_death":[[1359.979664889659,3586.263412723383],[1356.4529082581676,3813.5765682327437],[3538.9104124072965,3853.830796430294],[3542.437169038788,3626.5176409209334]]},"transform":{"matrix":[[1.0169885853444216,-0.015605117838457562,27.617720180220203],[0.018757795059436224,1.00581042260779,159.06444659288536],[0,0,1]]},"inverse_transform":{"matrix":[[0.9830139012362442,0.015251430509002828,-29.574563211273592],[-0.01833265283944726,0.9939387128243964,-157.59400522637642],[0,0,1]]},"document_type":{"classification":"A","confidence":0.9999972581863403},"delivery_tag":"Aarhus_kasse7_omegn"},{"image_id":"DSC_0070.JPG","processed":true,"shape":{"width":4000,"height":6000},"regions":{"name":[[1376.6949782967697,1118.4940800849422],[1374.8806709943628,1405.3743509388376],[3576.1877501751087,1427.822236125479],[3578.0020574775153,1140.941965271584]],"birth_date":[[1374.8806709943628,1405.3743509388376],[1373.8796738620003,1563.6531210651244],[2656.1199126653937,1572.7715742179794],[2657.095884869447,1418.4497733448497]],"birth_place":[[2657.095884869447,1418.4497733448497],[2656.1199126653937,1572.7715742179794],[3575.186753042746,1586.1010062517662],[3576.1877501751087,1427.822236125479]],"bastard_child":[[1373.8796738620003,1563.6531210651244],[1372.9099578900243,1716.985679624965],[3574.21703707077,1739.4335648116066],[3575.186753042746,1586.1010062517662]],"caretaker":[[1372.9099578900243,1716.985679624965],[1371.5023056726395,1939.565200115056],[3572.8093848533854,1962.0130853016976],[3574.21703707077,1739.4335648116066]],"father_occupation":[[1371.5023056726395,1939.565200115056],[1369.62543604946,2236.337894101844],[3570.9325152302054,2258.785779288486],[3572.8093848533854,1962.0130853016976]],"breast_milk":[[1369.62543604946,2236.337894101844],[1367.7485664262804,2533.110588088632],[3569.0556456070262,2555.558473275274],[3570.9325152302054,2258.785779288486]],"residence":[[1367.7485664262804,2533.110588088632],[1366.3409142088958,2755.6901085787235],[3567.6479933896417,2778.137993765365],[3569.0556456070262,2555.558473275274]],"death_date":[[1366.3409142088958,2755.6901085787235],[1365.3399170765333,2913.9688787050104],[2883.507755232943,2925.4932095805716],[2884.4837274369966,2771.171408707442]],"age":[[2884.4837274369966,2771.171408707442],[2883.507755232943,2925.4932095805716],[3566.646996257279,2936.416763891652],[3567.6479933896417,2778.137993765365]],"death_place":[[1365.3399170765333,2913.9688787050104],[1363.9322648591485,3136.5483991951014],[3565.2393440398946,3158.996284381743],[3566.646996257279,2936.416763891652]],"death_cause":[[1363.9322648591485,3136.5483991951014],[1362.055395235969,3433.3210931818894],[3563.3624744167146,3455.7689783685314],[3565.2393440398946,3158.996284381743]],"disease_duration":[[1362.055395235969,3433.3210931818894],[1361.0543981036067,3591.5998633081767],[3562.361477284352,3614.0477484948183],[3563.3624744167146,3455.7689783685314]],"signs_of_death":[[1361.0543981036067,3591.5998633081767],[1359.6404896541446,3815.168626111557],[3560.9475688348903,3837.6165112981985],[3562.361477284352,3614.0477484948183]]},"transform":{"matrix":