[{"image_id":"DSC_0004.JPG","processed":true,"shape":{"width":4000,"height":6000},"regions":{"name":[[1280.2567064381772,1069.9624922696985],[1284.1178919430522,1365.3255697173822],[3490.8858875705764,1344.8544586525188],[3487.024702065701,1049.4913812048353]],"birth_date":[[1284.1178919430522,1365.3255697173822],[1286.2482011871211,1528.2845089988627],[2571.5910266500573,1512.2865425852883],[2569.5139751370903,1353.4015767858448]],"birth_place":[[2569.5139751370903,1353.4015767858448],[2571.5910266500573,1512.2865425852883],[3493.0161968146454,1507.8133979339993],[3490.8858875705764,1344.8544586525188]],"bastard_child":[[1286.2482011871211,1528.2845089988627],[1288.311938267313,1686.150981427797],[3495.079933894837,1665.6798703629338],[3493.0161968146454,1507.8133979339993]],"caretaker":[[1288.311938267313,1686.150981427797],[1291.307685641785,1915.311989792379],[3498.075681269309,1894.8408787275157],[3495.079933894837,1665.6798703629338]],"father_occupation":[[1291.307685641785,1915.311989792379],[1295.3020154744142,2220.860000945155],[3502.0700111019382,2200.3888898802916],[3498.075681269309,1894.8408787275157]],"breast_milk":[[1295.3020154744142,2220.860000945155],[1299.2963453070436,2526.408012097931],[3506.0643409345676,2505.936901033068],[3502.0700111019382,2200.3888898802916]],"residence":[[1299.2963453070436,2526.408012097931],[1302.2920926815157,2755.5690204625134],[3509.0600883090397,2735.09790939765],[3506.0643409345676,2505.936901033068]],"death_date":[[1302.2920926815157,2755.5690204625134],[1304.4224019255846,2918.527959743994],[2826.2781066962234,2900.3359786310166],[2824.2010551832564,2741.4510128315733]],"age":[[2824.2010551832564,2741.4510128315733],[2826.2781066962234,2900.3359786310166],[3511.1903975531086,2898.0568486791303],[3509.0600883090397,2735.09790939765]],"death_place":[[1304.4224019255846,2918.527959743994],[1307.4181493000567,3147.688968108576],[3514.1861449275807,3127.2178570437127],[3511.1903975531086,2898.0568486791303]],"death_cause":[[1307.4181493000567,3147.688968108576],[1311.412479132686,3453.236979261352],[3518.18047476021,3432.7658681964886],[3514.1861449275807,3127.2178570437127]],"disease_duration":[[1311.412479132686,3453.236979261352],[1313.542788376755,3616.1959185428327],[3520.310784004279,3595.724807477969],[3518.18047476021,3432.7658681964886]],"signs_of_death":[[1313.542788376755,3616.1959185428327],[1316.5518501840024,3846.3754202779237],[3523.319845811526,3825.9043092130605],[3520.310784004279,3595.724807477969]]},"transform":{"matrix":[[1.0283168665552302,0.013314432775431068,-132.0541955179765],[-0.009539194345229892,1.0184933705092536,184.64372217874006],[0,0,1]]},"inverse_transform":{"matrix":[[0.9723449827485885,-0.012711149902586568,130.74926849399108],[0.00910696920531769,0.9817233718181021,-180.06644403034235],[0,0,1]]},"document_type":{"classification":"A","confidence":0.9999874830245972},"delivery_tag":"Aarhus_kasse2_omegn"},{"image_id":"DSC_0005.JPG","processed":true,"shape":{"width":4000,"height":6000},"regions":{"name":[[1311.4041237054287,1050.4990526742572],[1311.4715651274028,1345.9666106339564],[3517.645102397072,1346.6509011961664],[3517.577660975098,1051.183343236467]],"birth_date":[[1311.4715651274028,1345.9666106339564],[1311.5087741878024,1508.9831943358595],[2596.5576676272226,1505.3063646467426],[2596.5213887933332,1346.365195537387]],"birth_place":[[2596.5213887933332,1346.365195537387],[2596.5576676272226,1505.3063646467426],[3517.6823114574713,1509.6674848980695],[3517.645102397072,1346.6509011961664]],"bastard_child":[[1311.5087741878024,1508.9831943358595],[1311.5448204650643,1666.905509797078],[3517.7183577347337,1667.589800359288],[3517.6823114574713,1509.6674848980695]],"caretaker":[[1311.5448204650643,1666.905509797078],[1311.5971457062512,1896.147580627879],[3517.7706829759204,1896.831871190089],[3517.7183577347337,1667.589800359288]],"father_occupation":[[1311.5971457062512,1896.147580627879],[1311.6669126945003,2201.8036750689475],[3517.8404499641692,2202.4879656311573],[3517.7706829759204,1896.831871190089]],"breast_milk":[[1311.6669126945003,2201.8036750689475],[1311.7366796827494,2507.4597695100156],[3517.9102169524185,2508.1440600722253],[3517.8404499641692,2202.4879656311573]],"residence":[[1311.7366796827494,2507.4597695100156],[1311.789004923936,2736.7018403408165],[3517.9625421936053,2737.3861309030267],[3517.9102169524185,2508.1440600722253]],"death_date":[[1311.789004923936,2736.7018403408165],[1311.8262139843357,2899.7184240427196],[2833.324274978287,2896.114933975834],[2833.2879961443978,2737.1737648664785]],"age":[[2833.2879961443978,2737.1737648664785],[2833.324274978287,2896.114933975834],[3517.999751254005,2900.4027146049298],[3517.9625421936053,2737.3861309030267]],"death_place":[[1311.8262139843357,2899.7184240427196],[1311.8785392255224,3128.960494873521],[3518.0520764951916,3129.6447854357307],[3517.999751254005,2900.4027146049298]],"death_cause":[[1311.8785392255224,3128.960494873521],[1311.9483062137715,3434.616589314589],[3518.121843483441,3435.3008798767987],[3518.0520764951916,3129.6447854357307]],"disease_duration":[[1311.9483062137715,3434.616589314589],[1311.9855152741711,3597.633173016492],[3518.15905254384,3598.317463578702],[3518.121843483441,3435.3008798767987]],"signs_of_death":[[1311.9855152741711,3597.633173016492],[1312.0380730719853,3827.8940974954303],[3518.2116103416547,3828.57838805764],[3518.15905254384,3598.317463578702]]},"transform":{"matrix":[[1.0280398589327442,0.00023255662749697105,-88.99127910642119],[0.00031886792274459815,1.018853648136894,151.4358369067386],[0,0,1]]},"inverse_transform":{"matrix":[[0.9727249990439385,-0.00022202761473476954,86.5976648213662],[-0.0003044311618396513,0.9814953036936308,-148.66065445337048],[0,0,1]]},"document_type":{"classification":"A","confidence":0.9999963045120239},"delivery_tag":"Aarhus_kasse2_omegn"},{"image_id":"DSC_0008.JPG","processed":true,"shape":{"width":4000,"height":6000},"regions":{"name":[[1290.6634368343805,1049.6875901878784],[1295.680549750715,1344.6719497986353],[3506.027638705,1305.0480575490076],[3501.010525788665,1010.0636979382505]],"birth_date":[[1295.680549750715,1344.6719497986353],[1298.4486120493825,1507.4219413080186],[2585.8602404979065,1480.2731051679846],[2583.161379756706,1321.591863446336]],"birth_place":[[2583.161379756706,1321.591863446336],[2585.8602404979065,1480.2731051679846],[3508.795701003667,1467.798049058391],[3506.027638705,1305.0480575490076]],"bastard_child":[[1298.4486120493825,1507.4219413080186],[1301.1301724012164,1665.0859955827336],[3511.477261355501,1625.462103333106],[3508.795701003667,1467.798049058391]],"caretaker":[[1301.1301724012164,1665.0859955827336],[1305.0227600087176,1893.9531711428037],[3515.369848963002,1854.329278893176],[3511.477261355501,1625.462103333106]],"father_occupation":[[1305.0227600087176,1893.9531711428037],[1310.2128768187188,2199.1094052228973],[3520.5599657730036,2159.4855129732696],[3515.369848963002,1854.329278893176]],"breast_milk":[[1310.2128768187188,2199.1094052228973],[1315.4029936287202,2504.265639302991],[3525.7500825830048,2464.6417470533634],[3520.5599657730036,2159.4855129732696]],"residence":[[1315.4029936287202,2504.265639302991],[1319.2955812362213,2733.132814863061],[3529.6426701905057,2693.5089226134332],[3525.7500825830048,2464.6417470533634]],"death_date":[[1319.2955812362213,2733.132814863061],[1322.0636435348886,2895.8828063724445],[2846.371744704515,2864.4872343435873],[2843.6728839633142,2705.8059926219385]],"age":[[2843.6728839633142,2705.8059926219385],[2846.371744704515,2864.4872343435873],[3532.4107324891734,2856.258914122817],[3529.6426701905057,2693.5089226134332]],"death_place":[[1322.0636435348886,2895.8828063724445],[1325.9562311423897,3124.7499819325144],[3536.3033200966743,3085.1260896828867],[3532.4107324891734,2856.258914122817]],"death_cause":[[1325.9562311423897,3124.7499819325144],[1331.146347952391,3429.906216012608],[3541.4934369066755,3390.2823237629805],[3536.3033200966743,3085.1260896828867]],"disease_duration":[[1331.146347952391,3429.906216012608],[1333.9144102510584,3592.6562075219913],[3544.2614992053427,3553.0323152723636],[3541.4934369066755,3390.2823237629805]],"signs_of_death":[[1333.9144102510584,3592.6562075219913],[1337.824298247926,3822.5405705289954],[3548.1713872022106,3782.9166782793673],[3544.2614992053427,3553.0323152723636]]},"transform":{"matrix":[[1.0299846640047925,0.017300389366671137,-127.43461896155077],[-0.01846406908183959,1.0171874469336453,177.67632408186864],[0,0,1]]},"inverse_transform":{"matrix":[[0.9705923126803486,-0.016507896333450553,126.62012387228262],[0.01761827042366309,0.9828033172010989,-172.37570311755692],[0,0,1]]},"document_type":{"classification":"A","confidence":0.999984622001648},"delivery_tag":"Aarhus_kasse2_omegn"},{"image_id":"DSC_0009.JPG","processed":true,"shape":{"width":4000,"height":6000},"regions":{"sex_of_child":[[1316.8043682795678,957.6673830509668],[1318.7708040542047,1194.5323176895536],[3534.5740282929546,1176.0695565937779],[3532.6075925183177,939.2046219551911]],"bastard_child":[[1318.7708040542047,1194.5323176895536],[1320.6535617107722,1421.3178934073492],[2264.8323938787253,1410.277748650201],[2262.9831074693857,1187.5239165007215]],"birth_date":[[2262.9831074693857,1187.5239165007215],[2264.8323938787253,1410.277748650201],[3536.456785949522,1402.8551323115735],[3534.5740282929546,1176.0695565937779]],"parental_occupation":[[1320.6535617107722,1421.3178934073492],[1324.377237964872,1869.8493653825453],[3540.1804622036225,1851.3866042867696],[3536.456785949522,1402.8551323115735]],"mother_age":[[1324.377237964872,1869.8493653825453],[1326.3018346804743,2101.6746205607365],[3542.1050589192246,2083.211859464961],[3540.1804622036225,1851.3866042867696]],"residence":[[1326.3018346804743,2101.6746205607365],[1328.812178222564,2404.055388184464],[3544.6154024613143,2385.5926270886885],[3542.1050589192246,2083.211859464961]],"birth_place":[[1328.812178222564,2404.055388184464],[1331.3225217646539,2706.436155808192],[3547.125746003404,2687.973394712416],[3544.6154024613143,2385.5926270886885]],"full_term":[[1331.3225217646539,2706.436155808192],[1333.9165434248132,3018.8962823527104],[3549.7197676635633,3000.4335212569345],[3547.125746003404,2687.973394712416]],"natural_birth":[[1333.9165434248132,3018.8962823527104],[1336.426886966903,3321.277049976438],[3552.230111205653,3302.8142888806624],[3549.7197676635633,3000.4335212569345]],"expected_death_cause":[[1336.426886966903,3321.277049976438],[1339.0209086270625,3633.7371765209564],[3554.8241328658123,3615.274415425181],[3552.230111205653,3302.8142888806624]],"death_signs":[[1339.0209086270625,3633.7371765209564],[1342.0416886893772,3997.602033561509],[3557.8783841753548,3983.1710160340494],[3554.8241328658123,3615.274415425181]]},"transform":{"matrix":[[1.026317721103457,0.008367811806966007,-98.76763320618898],[-0.007617827379165139,1.0079358920790922,69.04022648063119],[0,0,1]]},"inverse_transform":{"matrix":[[0.9742971034208173,-0.00808854498541635,96.78745392221158],[0.0073635904904336795,0.9920654584469225,-67.765139530147],[0,0,1]]},"document_type":{"classification":"C","confidence":0.9997645020484924},"delivery_tag":"Aarhus_kasse2_omegn"},{"image_id":"DSC_0016.JPG","processed":true,"shape":{"width":4000,"height":6000},"regions":{"name":[[1302.1501336912486,1078.1562184164452],[1305.1447629036247,1372.480192699842],[3505.1361443173982,1351.211679619454],[3502.141515105022,1056.887705336057]],"birth_date":[[1305.1447629036247,1372.480192699842],[1306.7969721242462,1534.865833683785],[2588.204514408743,1518.4177297745243],[2586.593610418637,1360.0917298151799]],"birth_place":[[2586.593610418637,1360.0917298151799],[2588.204514408743,1518.4177297745243],[3506.7883535380192,1513.597320603397],[3505.1361443173982,1351.211679619454]],"bastard_child":[[1306.7969721242462,1534.865833683785],[1308.397549806723,1692.17692338698],[3508.3889312204965,1670.908410306592],[3506.7883535380192,1513.597320603397]],"caretaker":[[1308.397549806723,1692.17692338698],[1310.7209690232219,1920.5317310206499],[3510.712350436995,1899.263217940262],[3508.3889312204965,1670.908410306592]],"father_occupation":[[1310.7209690232219,1920.5317310206499],[1313.8188613118868,2225.0048078655436],[3513.8102427256604,2203.736294785155],[3510.712350436995,1899.263217940262]],"breast_milk":[[1313.8188613118868,2225.0048078655436],[1316.916753600552,2529.4778847104367],[3516.908135014325,2508.2093716300487],[3513.8102427256604,2203.736294785155]],"residence":[[1316.916753600552,2529.4778847104367],[1319.2401728170507,2757.8326923441064],[3519.2315542308243,2736.5641792637184],[3516.908135014325,2508.2093716300487]],"death_date":[[1319.2401728170507,2757.8326923441064],[1320.8923820376722,2920.2183333280495],[2838.086512264931,2901.490752248011],[2836.4756082748254,2743.1647522886665]],"age":[[2836.4756082748254,2743.1647522886665],[2838.086512264931,2901.490752248011],[3520.8837634514452,2898.9498202476616],[3519.2315542308243,2736.5641792637184]],"death_place":[[1320.8923820376722,2920.2183333280495],[1323.2158012541709,3148.5731409617197],[3523.2071826679444,3127.3046278813317],[3520.8837634514452,2898.9498202476616]],"death_cause":[[1323.2158012541709,3148.5731409617197],[1326.313693542836,3453.046217806613],[3526.305074956609,3431.777704726225],[3523.2071826679444,3127.3046278813317]],"disease_duration":[[1326.313693542836,3453.046217806613],[1327.9659027634573,3615.431858790556],[3527.9572841772306,3594.163345710168],[3526.305074956609,3431.777704726225]],"signs_of_death":[[1327.9659027634573,3615.431858790556],[1330.2996482875851,3844.8015766803755],[3530.291029701358,3823.5330635999876],[3527.9572841772306,3594.163345710168]]},"transform":{"matrix":[[1.02515907801201,0.010326307628883532,-103.22433388978425],[-0.00991077030772975,1.0149102561496444,196.50384165158675],[0,0,1]]},"inverse_transform":{"matrix":[[0.9753624268787042,-0.009923924217511171,102.6312260486778],[0.009524579065993194,0.9852118847039196,-192.61475185545262],[0,0,1]]},"document_type":{"classification":"A","confidence":0.9999959468841553},"delivery_tag":"Aarhus_kasse2_omegn"},{"image_id":"DSC_0030.JPG","processed":true,"shape":{"width":4000,"height":6000},"regions":{"name":[[1431.4914095742488,1046.5531699357716],[1428.7453230003696,1340.683468211306],[3621.4351685966903,1360.3665391056657],[3624.18125517057,1066.236240830131]],"birth_date":[[1428.7453230003696,1340.683468211306],[1427.230240752712,1502.9622534667733],[2704.463973817944,1510.370259892213],[2705.94117900941,1352.1484442681324]],"birth_place":[[2705.94117900941,1352.1484442681324],[2704.463973817944,1510.370259892213],[3619.920086349033,1522.645324361133],[3621.4351685966903,1360.3665391056657]],"bastard_child":[[1427.230240752712,1502.9622534667733],[1425.762504825294,1660.1698266830072],[3618.452350421615,1679.8528975773668],[3619.920086349033,1522.645324361133]],"caretaker":[[1425.762504825294,1660.1698266830072],[1423.6319204145257,1888.3743684485082],[3616.3217660108467,1908.0574393428676],[3618.452350421615,1679.8528975773668]],"father_occupation":[[1423.6319204145257,1888.3743684485082],[1420.7911412001679,2192.6470908025094],[3613.4809867964887,2212.330161696869],[3616.3217660108467,1908.0574393428676]],"breast_milk":[[1420.7911412001679,2192.6470908025094],[1417.95036198581,2496.9198131565104],[3610.6402075821306,2516.60288405087],[3613.4809867964887,2212.330161696869]],"residence":[[1417.95036198581,2496.9198131565104],[1415.8197775750416,2725.124354922011],[3608.5096231713624,2744.807425816371],[3610.6402075821306,2516.60288405087]],"death_date":[[1415.8197775750416,2725.124354922011],[1414.3046953273843,2887.4031401774787],[2926.54246589828,2896.9207021973743],[2928.019671089746,2738.6988865732937]],"age":[[2928.019671089746,2738.6988865732937],[2926.54246589828,2896.9207021973743],[3606.9945409237052,2907.086211071838],[3608.5096231713624,2744.807425816371]],"death_place":[[1414.3046953273843,2887.4031401774787],[1412.174110916616,3115.6076819429795],[3604.863956512937,3135.290752837339],[3606.9945409237052,2907.086211071838]],"death_cause":[[1412.174110916616,3115.6076819429795],[1409.3333317022582,3419.8804042969805],[3602.023177298579,3439.5634751913403],[3604.863956512937,3135.290752837339]],"disease_duration":[[1409.3333317022582,3419.8804042969805],[1407.8182494546006,3582.159189552448],[3600.508095050922,3601.8422604468074],[3602.023177298579,3439.5634751913403]],"signs_of_death":[[1407.8182494546006,3582.159189552448],[1405.6781957797846,3811.3779737257955],[3598.368041376106,3831.061044620155],[3600.508095050922,3601.8422604468074]]},"transform":{"matrix":[[1.0217566848072326,-0.009469264047859211,48.21069575700972],[0.00917198084546113,1.0142424078466705,139.49912830349012],[0,0,1]]},"inverse_transform":{"matrix":[[0.978624571775955,0.009136725502874648,-48.454736733423765],[-0.008849882195601908,0.9858749647942753,-137.10203922701788],[0,0,1]]},"document_type":{"classification":"A","confidence":0.9999911785125732},"delivery_tag":"Aarhus_kasse2_omegn"},{"image_id":"DSC_0031.JPG","processed":true,"shape":{"width":4000,"height":6000},"regions":{"name":[[1362.5007954569357,958.9184447778987],[1362.916064680448,1252.6882028786356],[3555.5476679414105,1246.267280834322],[3555.1323987178976,952.497522733585]],"birth_date":[[1362.916064680448,1252.6882028786356],[1363.1451787347996,1414.7680694169733],[2640.3013819534326,1406.9760203045903],[2640.07799575044,1248.9481504297112]],"birth_place":[[2640.07799575044,1248.9481504297112],[2640.3013819534326,1406.9760203045903],[3555.7767819957617,1408.3471473726595],[3555.5476679414105,1246.267280834322]],"bastard_child":[[1363.1451787347996,1414.7680694169733],[1363.367132974953,1571.7829401259878],[3555.998736235915,1565.3620180816743],[3555.7767819957617,1408.3471473726595]],"caretaker":[[1363.367132974953,1571.7829401259878],[1363.689324613885,1799.707752445525],[3556.3209278748473,1793.2868304012115],[3555.998736235915,1565.3620180816743]],"father_occupation":[[1363.689324613885,1799.707752445525],[1364.1189134657943,2103.607502204908],[3556.7505167267564,2097.1865801605945],[3556.3209278748473,1793.2868304012115]],"breast_milk":[[1364.1189134657943,2103.607502204908],[1364.5485023177037,2407.5072519642913],[3557.1801055786664,2401.0863299199777],[3556.7505167267564,2097.1865801605945]],"residence":[[1364.5485023177037,2407.5072519642913],[1364.8706939566357,2635.432064283829],[3557.5022972175975,2629.011142239515],[3557.1801055786664,2401.0863299199777]],"death_date":[[1364.8706939566357,2635.432064283829],[1365.0998080109873,2797.511930822166],[2877.2538065464987,2789.0317120591812],[2877.030420343506,2631.003842184302]],"age":[[2877.030420343506,2631.003842184302],[2877.2538065464987,2789.0317120591812],[3557.7314112719496,2791.0910087778525],[3557.5022972175975,2629.011142239515]],"death_place":[[1365.0998080109873,2797.511930822166],[1365.4219996499194,3025.4367431417036],[3558.0536029108816,3019.01582109739],[3557.7314112719496,2791.0910087778525]],"death_cause":[[1365.4219996499194,3025.4367431417036],[1365.8515885018287,3329.336492901087],[3558.4831917627907,3322.915570856773],[3558.0536029108816,3019.01582109739]],"disease_duration":[[1365.8515885018287,3329.336492901087],[1366.0807025561803,3491.4163594394245],[3558.712305817143,3484.9954373951105],[3558.4831917627907,3322.915570856773]],"signs_of_death":[[1366.0807025561803,3491.4163594394245],[1366.404326157952,3720.354170924826],[3559.0359294189147,3713.9332488805126],[3558.712305817143,3484.9954373951105]]},"transform":{"matrix":[[1.0217295448559935,0.0014319628396979023,-30.35783586154116],[-0.002992041959139644,1.0129991658646103,69.5283416336606],[0,0,1]]},"inverse_transform":{"matrix":[[0.9787285348551942,-0.0013835183081008827,29.808273947722714],[0.002890818612268626,0.9871635576339879,-68.54808608653897],[0,0,1]]},"document_type":{"classification":"A","confidence":0.99993896484375},"delivery_tag":"Aarhus_kasse2_omegn"},{"image_id":"DSC_0032.JPG","processed":true,"shape":{"width":4000,"height":6000},"regions":{"name":[[1324.5514449630157,1059.9983929113519],[1331.6944431579923,1353.186567751998],[3519.104134157688,1301.5550119249556],[3511.9611359627115,1008.3668370843096]],"birth_date":[[1331.6944431579923,1353.186567751998],[1335.6354076793587,1514.9455607675268],[2609.6571602436866,1480.827287347636],[2605.8147198353545,1323.1122691574953]],"birth_place":[[2605.8147198353545,1323.1122691574953],[2609.6571602436866,1480.827287347636],[3523.0450986790543,1463.3140049404847],[3519.104134157688,1301.5550119249556]],"bastard_child":[[1335.6354076793587,1514.9455607675268],[1339.4532170594323,1671.6495852513206],[3526.862908059128,1620.0180294242782],[3523.0450986790543,1463.3140049404847]],"caretaker":[[1339.4532170594323,1671.6495852513206],[1344.995198417604,1899.123169179408],[3532.4048894172993,1847.4916133523657],[3526.862908059128,1620.0180294242782]],"father_occupation":[[1344.995198417604,1899.123169179408],[1352.384506895166,2202.4212810835247],[3539.7941978948616,2150.7897252564826],[3532.4048894172993,1847.4916133523657]],"breast_milk":[[1352.384506895166,2202.4212810835247],[1359.7738153727278,2505.719392987641],[3547.1835063724234,2454.087837160599],[3539.7941978948616,2150.7897252564826]],"residence":[[1359.7738153727278,2505.719392987641],[1365.3157967308994,2733.1929769157287],[3552.725487730595,2681.5614210886865],[3547.1835063724234,2454.087837160599]],"death_date":[[1365.3157967308994,2733.1929769157287],[1369.2567612522657,2894.9519699312577],[2877.7166447252284,2855.300025569978],[2873.8742043168963,2697.5850073798374]],"age":[[2873.8742043168963,2697.5850073798374],[2877.7166447252284,2855.300025569978],[3556.6664522519613,2843.320414104215],[3552.725487730595,2681.5614210886865]],"death_place":[[1369.2567612522657,2894.9519699312577],[1374.798742610437,3122.425553859345],[3562.208433610133,3070.793998032303],[3556.6664522519613,2843.320414104215]],"death_cause":[[1374.798742610437,3122.425553859345],[1382.1880510879992,3425.7236657634617],[3569.5977420876948,3374.0921099364195],[3562.208433610133,3070.793998032303]],"disease_duration":[[1382.1880510879992,3425.7236657634617],[1386.1290156093655,3587.4826587789908],[3573.538706609061,3535.8511029519486],[3569.5977420876948,3374.0921099364195]],"signs_of_death":[[1386.1290156093655,3587.4826587789908],[1391.6956279957956,3815.9672364134253],[3579.1053189954914,3764.335680586383],[3573.538706609061,3535.8511029519486]]},"transform":{"matrix":[[1.01929622134189,0.024631028258539932,-85.45457542867052],[-0.024059438875602204,1.0109937063470555,201.0708996618191],[0,0,1]]},"inverse_transform":{"matrix":[[0.9805052168628697,-0.02388823150191266,88.59188521203245],[0.02333387951301761,0.9885573533048773,-196.7761296294298],[0,0,1]]},"document_type":{"classification":"A","confidence":0.9999953508377075},"delivery_tag":"Aarhus_kasse2_omegn"},{"image_id":"DSC_0038.JPG","processed":true,"shape":{"width":4000,"height":6000},"regions":{"name":[[1328.4471700938332,1084.9017112338533],[1333.6249293430087,1378.0060643198278],[3520.3902403844613,1351.6742857030515],[3515.212481135286,1058.569932617077]],"birth_date":[[1333.6249293430087,1378.0060643198278],[1336.4816241011747,1539.7188108500206],[2610.155145596068,1520.3382833000135],[2607.369868206856,1362.6683554330755]],"birth_place":[[2607.369868206856,1362.6683554330755],[2610.155145596068,1520.3382833000135],[3523.246935142627,1513.3870322332443],[3520.3902403844613,1351.6742857030515]],"bastard_child":[[1336.4816241011747,1539.7188108500206],[1339.2490471481478,1696.3780340511448],[3526.014358189601,1670.0462554343685],[3523.246935142627,1513.3870322332443]],"caretaker":[[1339.2490471481478,1696.3780340511448],[1343.2662741518186,1923.7865838592286],[3530.031585193271,1897.4548052424523],[3526.014358189601,1670.0462554343685]],"father_occupation":[[1343.2662741518186,1923.7865838592286],[1348.6225768233794,2226.99798360334],[3535.387887864832,2200.6662049865636],[3530.031585193271,1897.4548052424523]],"breast_milk":[[1348.6225768233794,2226.99798360334],[1353.9788794949404,2530.209383347452],[3540.744190536393,2503.8776047306756],[3535.387887864832,2200.6662049865636]],"residence":[[1353.9788794949404,2530.209383347452],[1357.9961064986112,2757.6179331555354],[3544.761417540064,2731.286154538759],[3540.744190536393,2503.8776047306756]],"death_date":[[1357.9961064986112,2757.6179331555354],[1360.852801256777,2919.3306796857282],[2868.8953915026177,2897.1280137005588],[2866.110114113406,2739.4580858336208]],"age":[[2866.110114113406,2739.4580858336208],[2868.8953915026177,2897.1280137005588],[3547.61811229823,2892.998901068952],[3544.761417540064,2731.286154538759]],"death_place":[[1360.852801256777,2919.3306796857282],[1364.8700282604477,3146.739229493812],[3551.635339301901,3120.407450877036],[3547.61811229823,2892.998901068952]],"death_cause":[[1364.8700282604477,3146.739229493812],[1370.2263309320088,3449.9506292379237],[3556.991641973462,3423.6188506211474],[3551.635339301901,3120.407450877036]],"disease_duration":[[1370.2263309320088,3449.9506292379237],[1373.0830256901745,3611.6633757681166],[3559.8483367316276,3585.3315971513402],[3556.991641973462,3423.6188506211474]],"signs_of_death":[[1373.0830256901745,3611.6633757681166],[1377.118107036084,3840.082630242014],[3563.8834180775366,3813.7508516252374],[3559.8483367316276,3585.3315971513402]]},"transform":{"matrix":[[1.0189959510910778,0.017854342238536592,-75.172845146604],[-0.01227016710940183,1.0107046658137053,210.1721635891704],[0,0,1]]},"inverse_transform":{"matrix":[[0.9811494632715219,-0.01733224244127032,77.39855156191759],[0.011911360737559423,0.9891982933352238,-207.00653465276892],[0,0,1]]},"document_type":{"classification":"A","confidence":0.9999946355819702},"delivery_tag":"Aarhus_kasse2_omegn"},{"image_id":"DSC_0039.JPG","processed":true,"shape":{"width":4000,"height":6000},"regions":{"name":[[1342.176137301823,1028.7281877075611],[1343.3665199368174,1321.5607175124132],[3534.05132813812,1314.4614586699429],[3532.8609455031255,1021.6289288650905]],"birth_date":[[1343.3665199368174,1321.5607175124132],[1344.0232827699178,1483.1234925771594],[2620.0348274696535,1474.9492537909005],[2619.3944837073805,1317.425548102773]],"birth_place":[[2619.3944837073805,1317.425548102773],[2620.0348274696535,1474.9492537909005],[3534.7080909712204,1476.024233734689],[3534.05132813812,1314.4614586699429]],"bastard_child":[[1344.0232827699178,1483.1234925771594],[1344.659521764484,1639.6374309211321],[3535.3443299657865,1632.5381720786618],[3534.7080909712204,1476.024233734689]],"caretaker":[[1344.659521764484,1639.6374309211321],[1345.5830944985314,1866.8350833559314],[3536.267902699834,1859.735824513461],[3535.3443299657865,1632.5381720786618]],"father_occupation":[[1345.5830944985314,1866.8350833559314],[1346.8145248105945,2169.76528660233],[3537.499333011897,2162.66602775986],[3536.267902699834,1859.735824513461]],"breast_milk":[[1346.8145248105945,2169.76528660233],[1348.045955122658,2472.6954898487293],[3538.7307633239598,2465.5962310062587],[3537.499333011897,2162.66602775986]],"residence":[[1348.045955122658,2472.6954898487293],[1348.9695278567053,2699.8931422835285],[3539.654336058007,2692.793883441058],[3538.7307633239598,2465.5962310062587]],"death_date":[[1348.9695278567053,2699.8931422835285],[1349.6262906898057,2861.4559173482744],[2860.426980723325,2852.520807390642],[2859.786636961052,2694.997101702514]],"age":[[2859.786636961052,2694.997101702514],[2860.426980723325,2852.520807390642],[3540.3110988911076,2854.3566585058043],[3539.654336058007,2692.793883441058]],"death_place":[[1349.6262906898057,2861.4559173482744],[1350.5498634238531,3088.6535697830736],[3541.234671625155,3081.554310940603],[3540.3110988911076,2854.3566585058043]],"death_cause":[[1350.5498634238531,3088.6535697830736],[1351.7812937359163,3391.5837730294725],[3542.466101937219,3384.4845141870023],[3541.234671625155,3081.554310940603]],"disease_duration":[[1351.7812937359163,3391.5837730294725],[1352.4380565690167,3553.146548094219],[3543.122864770319,3546.047289251748],[3542.466101937219,3384.4845141870023]],"signs_of_death":[[1352.4380565690167,3553.146548094219],[1353.365734070771,3781.3539678731727],[3544.0505422720735,3774.254709030702],[3543.122864770319,3546.047289251748]]},"transform":{"matrix":[[1.0208223710164503,0.004104767706877476,-51.80433714004835],[-0.0033081355277122153,1.009767344154663,142.6190707518922],[0,0,1]]},"inverse_transform":{"matrix":[[0.9795894516908308,-0.003982092677659869,51.314904571562664],[0.003209268636453558,0.9903140881772994,-141.07142097393805],[0,0,1]]},"document_type":{"classification":"A","confidence":0.9999959468841553},"delivery_tag":"Aarhus_kasse2_omegn"},{"image_id":"DSC_0046.JPG","processed":true,"shape":{"width":4000,"height":6000},"regions":{"name":[[1323.0305268586235,1075.4363301773794],[1326.7989896988224,1368.1765792023193],[3523.2874606360756,1352.4043950274124],[3519.518997795876,1059.6641460024725]],"birth_date":[[1326.7989896988224,1368.1765792023193],[1328.8781416106563,1529.6884407333207],[2608.2346384286884,1516.4636776439581],[2606.20746531465,1358.989612651232]],"birth_place":[[2606.20746531465,1358.989612651232],[2608.2346384286884,1516.4636776439581],[3525.3666125479094,1513.9162565584138],[3523.2874606360756,1352.4043950274124]],"bastard_child":[[1328.8781416106563,1529.6884407333207],[1330.8923200252455,1686.1530565914782],[3527.3807909624984,1670.3808724165713],[3525.3666125479094,1513.9162565584138]],"caretaker":[[1330.8923200252455,1686.1530565914782],[1333.8161274012618,1913.2791118694488],[3530.3045983385155,1897.506927694542],[3527.3807909624984,1670.3808724165713]],"father_occupation":[[1333.8161274012618,1913.2791118694488],[1337.7145372359505,2216.113852240076],[3534.2030081732037,2200.3416680651694],[3530.3045983385155,1897.506927694542]],"breast_milk":[[1337.7145372359505,2216.113852240076],[1341.6129470706392,2518.948592610704],[3538.101418007892,2503.176408435797],[3534.2030081732037,2200.3416680651694]],"residence":[[1341.6129470706392,2518.948592610704],[1344.5367544466556,2746.0746478886745],[3541.025225383909,2730.302463713768],[3538.101418007892,2503.176408435797]],"death_date":[[1344.5367544466556,2746.0746478886745],[1346.6159063584894,2907.586509419676],[2861.3835626898335,2892.6713444849133],[2859.356389575795,2735.197279492187]],"age":[[2859.356389575795,2735.197279492187],[2861.3835626898335,2892.6713444849133],[3543.104377295743,2891.814325244769],[3541.025225383909,2730.302463713768]],"death_place":[[1346.6159063584894,2907.586509419676],[1349.539713734506,3134.7125646976465],[3546.028184671759,3118.94038052274],[3543.104377295743,2891.814325244769]],"death_cause":[[1349.539713734506,3134.7125646976465],[1353.4381235691944,3437.547305068274],[3549.926594506448,3421.7751208933673],[3546.028184671759,3118.94038052274]],"disease_duration":[[1353.4381235691944,3437.547305068274],[1355.5172754810285,3599.0591665992756],[3552.005746418282,3583.2869824243685],[3549.926594506448,3421.7751208933673]],"signs_of_death":[[1355.5172754810285,3599.0591665992756],[1358.4540775564938,3827.194671011815],[3554.9425484937474,3811.422486836908],[3552.005746418282,3583.2869824243685]]},"transform":{"matrix":[[1.0235267804926622,0.012994699448961998,-82.47427308636702],[-0.007349573240869945,1.0094491345687584,195.11231224179937],[0,0,1]]},"inverse_transform":{"matrix":[[0.9769237022828591,-0.012575997602054785,83.02480417750547],[0.007112762847369241,0.9905477527718245,-192.6814424837564],[0,0,1]]},"document_type":{"classification":"A","confidence":0.9999939203262329},"delivery_tag":"Aarhus_kasse2_omegn"},{"image_id":"DSC_0069.JPG","processed":true,"shape":{"width":4000,"height":6000},"regions":{"name":[[1346.6206765737393,1052.6406233601506],[1348.4519401844514,1343.7929814644122],[3517.3213816194557,1331.1500175654396],[3515.4901180087436,1039.997659461178]],"birth_date":[[1348.4519401844514,1343.7929814644122],[1349.462292521396,1504.4287652460737],[2612.7580037939397,1493.0486092937895],[2611.7729102654184,1336.4287201066695]],"birth_place":[[2611.7729102654184,1336.4287201066695],[2612.7580037939397,1493.0486092937895],[3518.3317339564005,1491.7858013471011],[3517.3213816194557,1331.1500175654396]],"bastard_child":[[1349.462292521396,1504.4287652460737],[1350.4410713478112,1660.044680784558],[3519.3105127828157,1647.4017168855855],[3518.3317339564005,1491.7858013471011]],"caretaker":[[1350.4410713478112,1660.044680784558],[1351.8618793216397,1885.9387517275197],[3520.731320756644,1873.2957878285472],[3519.3105127828157,1647.4017168855855]],"father_occupation":[[1351.8618793216397,1885.9387517275197],[1353.756289953411,2187.130846318135],[3522.6257313884153,2174.4878824191624],[3520.731320756644,1873.2957878285472]],"breast_milk":[[1353.756289953411,2187.130846318135],[1355.650700585182,2488.3229409087503],[3524.5201420201865,2475.6799770097778],[3522.6257313884153,2174.4878824191624]],"residence":[[1355.650700585182,2488.3229409087503],[1357.0715085590105,2714.2170118517115],[3525.9409499940148,2701.574047952739],[3524.5201420201865,2475.6799770097778]],"death_date":[[1357.0715085590105,2714.2170118517115],[1358.081860895955,2874.8527956333733],[2853.828630663397,2862.1176155912644],[2852.8435371348755,2705.4977264041445]],"age":[[2852.8435371348755,2705.4977264041445],[2853.828630663397,2862.1176155912644],[3526.9513023309596,2862.2098317344007],[3525.9409499940148,2701.574047952739]],"death_place":[[1358.081860895955,2874.8527956333733],[1359.5026688697835,3100.7468665763345],[3528.372110304788,3088.103902677362],[3526.9513023309596,2862.2098317344007]],"death_cause":[[1359.5026688697835,3100.7468665763345],[1361.3970795015548,3401.93896116695],[3530.266520936559,3389.2959972679773],[3528.372110304788,3088.103902677362]],"disease_duration":[[1361.3970795015548,3401.93896116695],[1362.4074318384994,3562.5747449486116],[3531.276873273504,3549.931781049639],[3530.266520936559,3389.2959972679773]],"signs_of_death":[[1362.4074318384994,3562.5747449486116],[1363.8345545144339,3789.4727895402084],[3532.703995949438,3776.829825641236],[3531.276873273504,3549.931781049639]]},"transform":{"matrix":[[1.0106567760647738,0.006314702105904104,-35.46341968389015],[-0.005891409086194101,1.0039736486353843,175.1599644391381],[0,0,1]]},"inverse_transform":{"matrix":[[0.9894193167284899,-0.006223159593341735,36.17824088555909],[0.005806002936982606,0.9960055606839799,-174.2543978717496],[0,0,1]]},"document_type":{"classification":"A","confidence":0.999987006187439},"delivery_tag":"Aarhus_kasse2_omegn"},{"image_id":"DSC_0070.JPG","processed":true,"shape":{"width":4000,"height":6000},"regions":{"name":[[1363.8211075201098,1082.8157350017314],[1365.2737321049578,1374.3707188887934],[3549.5504842443206,1376.3157581550495],[3548.097859659473,1084.7607742679872]],"birth_date":[[1365.2737321049578,1374.3707188887934],[1366.0751801517704,1535.2286410333795],[2638.350549437182,1532.3401375663539],[2637.5691375915394,1375.5036634753824]],"birth_place":[[2637.5691375915394,1375.5036634753824],[2638.350549437182,1532.3401375663539],[3550.3519322911334,1537.1736802996356],[3549.5504842443206,1376.3157581550495]],"bastard_child":[[1366.0751801517704,1535.2286410333795],[1366.8515829471203,1691.0597531109472],[3551.1283350864833,1693.0047923772033],[3550.3519322911334,1537.1736802996356]],"caretaker":[[1366.8515829471203,1691.0597531109472],[1367.9786192629506,1917.2662061267715],[3552.2553714023143,1919.2112453930274],[3551.1283350864833,1693.0047923772033]],"father_occupation":[[1367.9786192629506,1917.2662061267715],[1369.4813343507244,2218.8748101478704],[3553.7580864900874,2220.819849414126],[3552.2553714023143,1919.2112453930274]],"breast_milk":[[1369.4813343507244,2218.8748101478704],[1370.9840494384982,2520.4834141689694],[3555.2608015778615,2522.428453435225],[3553.7580864900874,2220.819849414126]],"residence":[[1370.9840494384982,2520.4834141689694],[1372.1110857543285,2746.6898671847935],[3556.3878378936915,2748.6349064510496],[3555.2608015778615,2522.428453435225]],"death_date":[[1372.1110857543285,2746.6898671847935],[1372.912533801141,2907.5477893293796],[2879.2902576960832,2904.867747666286],[2878.5088458504406,2748.0312735753146]],"age":[[2878.5088458504406,2748.0312735753146],[2879.2902576960832,2904.867747666286],[3557.1892859405043,2909.4928285956353],[3556.3878378936915,2748.6349064510496]],"death_place":[[1372.912533801141,2907.5477893293796],[1374.0395701169714,3133.7542423452037],[3558.3163222563344,3135.69928161146],[3557.1892859405043,2909.4928285956353]],"death_cause":[[1374.0395701169714,3133.7542423452037],[1375.5422852047452,3435.3628463663026],[3559.8190373441084,3437.3078856325587],[3558.3163222563344,3135.69928161146]],"disease_duration":[[1375.5422852047452,3435.3628463663026],[1376.343733251558,3596.2207685108883],[3560.620485390921,3598.1658077771444],[3559.8190373441084,3437.3078856325587]],"signs_of_death":[[1376.343733251558,3596.2207685108883],[1377.4757786176808,3823.4325835401164],[3561.752530757044,3825.3776228063725],[3560.620485390921,3598.1658077771444]]},"transform":{"matrix":[[1.0178363243892652,0.005009050292579232,-26.88994865612426],[0.0009063556692712183,1.005362013403663,194.8519827581531],[0,0,1]]},"inverse_transform":{"matrix":[[0.982480594071935,-0.004895047397432843,27.37266242131772],[-0.0008857275732662057,0.994670997433487,-193.8374332109132],[0,0,1]]},"document_type":{"classification":"A","confidence":0.9999890327453613},"delivery_tag":"Aarhus_kasse2_omegn"},{"image_id":"DSC_0089.JPG","processed":true,"shape":{"width":4000,"height":6000},"regions":{"name":[[1396.1503413937946,1098.4533069315864],[1396.869885113557,1388.4209374114782],[3571.5423677806175,1396.45539882921],[3570.822824060855,1106.4877683493182]],"birth_date":[[1396.869885113557,1388.4209374114782],[1397.2668747520465,1548.4030783659011],[2663.9580699243297,1549.0834301412785],[2663.5710050268026,1393.100842710716]],"birth_place":[[2663.5710050268026,1393.100842710716],[2663.9580699243297,1549.0834301412785],[3571.939357419107,1556.437539783633],[3571.5423677806175,1396.45539882921]],"bastard_child":[[1397.2668747520465,1548.4030783659011],[1397.6514584643335,1703.3857774154985],[3572.3239411313934,1711.4202388332303],[3571.939357419107,1556.437539783633]],"caretaker":[[1397.6514584643335,1703.3857774154985],[1398.2097251434593,1928.3606631326559],[3572.8822078105195,1936.3951245503877],[3572.3239411313934,1711.4202388332303]],"father_occupation":[[1398.2097251434593,1928.3606631326559],[1398.9540807156275,2228.327177422199],[3573.626563382688,2236.3616388399305],[3572.8822078105195,1936.3951245503877]],"breast_milk":[[1398.9540807156275,2228.327177422199],[1399.6984362877954,2528.293691711742],[3574.3709189548554,2536.328153129474],[3573.626563382688,2236.3616388399305]],"residence":[[1399.6984362877954,2528.293691711742],[1400.2567029669215,2753.2685774288993],[3574.9291856339814,2761.3030388466314],[3574.3709189548554,2536.328153129474]],"death_date":[[1400.2567029669215,2753.2685774288993],[1400.6536926054112,2913.2507183833222],[2900.4178938417317,2914.79217273376],[2900.0308289442046,2758.8095853031973]],"age":[[2900.0308289442046,2758.8095853031973],[2900.4178938417317,2914.79217273376],[3575.326175272471,2921.2851798010543],[3574.9291856339814,2761.3030388466314]],"death_place":[[1400.6536926054112,2913.2507183833222],[1401.2119592845372,3138.22560410048],[3575.884441951597,3146.2600655182114],[3575.326175272471,2921.2851798010543]],"death_cause":[[1401.2119592845372,3138.22560410048],[1401.9563148567051,3438.1921183900226],[3576.6287975237656,3446.2265798077547],[3575.884441951597,3146.2600655182114]],"disease_duration":[[1401.9563148567051,3438.1921183900226],[1402.3533044951948,3598.174259344446],[3577.0257871622553,3606.2087207621776],[3576.62879752376