[{"image_id":"DSC_0004.JPG","processed":true,"shape":{"width":4000,"height":6000},"regions":{"sex_of_child":[[1386.4013226880213,949.5854678084107],[1383.212971101745,1185.4750359802115],[3590.321351995518,1215.315891819555],[3593.5097035817944,979.4263236477543]],"bastard_child":[[1383.212971101745,1185.4750359802115],[1380.1602940510552,1411.3267501872547],[2320.7030985145357,1420.882962238087],[2323.7015057509916,1199.0463896169467]],"birth_date":[[2323.7015057509916,1199.0463896169467],[2320.7030985145357,1420.882962238087],[3587.2686749448285,1441.1676060265982],[3590.321351995518,1215.315891819555]],"parental_occupation":[[1380.1602940510552,1411.3267501872547],[1374.1227772174682,1858.0112516189624],[3581.2311581112417,1887.852107458306],[3587.2686749448285,1441.1676060265982]],"mother_age":[[1374.1227772174682,1858.0112516189624],[1371.0022628989852,2088.8818928083842],[3578.1106437927583,2118.722748647728],[3581.2311581112417,1887.852107458306]],"residence":[[1371.0022628989852,2088.8818928083842],[1366.9320268313986,2390.017511751109],[3574.0404077251724,2419.8583675904524],[3578.1106437927583,2118.722748647728]],"birth_place":[[1366.9320268313986,2390.017511751109],[1362.861790763812,2691.153130693833],[3569.9701716575855,2720.9939865331767],[3574.0404077251724,2419.8583675904524]],"full_term":[[1362.861790763812,2691.153130693833],[1358.655880160639,3002.3266036013147],[3565.7642610544126,3032.1674594406586],[3569.9701716575855,2720.9939865331767]],"natural_birth":[[1358.655880160639,3002.3266036013147],[1354.5856440930525,3303.4622225440394],[3561.6940249868258,3333.303078383383],[3565.7642610544126,3032.1674594406586]],"expected_death_cause":[[1354.5856440930525,3303.4622225440394],[1350.3797334898798,3614.635695451521],[3557.488114383653,3644.4765512908643],[3561.6940249868258,3333.303078383383]],"death_signs":[[1350.3797334898798,3614.635695451521],[1345.4818827552172,3977.002223579266],[3552.5359938347556,4010.8582210045124],[3557.488114383653,3644.4765512908643]]},"transform":{"matrix":[[1.0222701463578767,-0.013567453558622036,-4.051149540694723],[0.014751471344277454,1.0037853964757477,33.96987546769515],[0,0,1]]},"inverse_transform":{"matrix":[[0.9780242532261407,0.013219258500312582,3.513065939214491],[-0.014372889659609976,0.9960346105824187,-33.89339840834198],[0,0,1]]},"document_type":{"classification":"C","confidence":0.9997474551200867},"delivery_tag":"Aarhus_kasse4_omegn"},{"image_id":"DSC_0005.JPG","processed":true,"shape":{"width":4000,"height":6000},"regions":{"sex_of_child":[[1377.998244050206,980.2304036297148],[1379.8028438460262,1216.1015682984573],[3586.22944132212,1197.5948974944852],[3584.4248415263,961.7237328257427]],"bastard_child":[[1379.8028438460262,1216.1015682984573],[1381.530652161173,1441.9356621302318],[2321.7160538229336,1430.8901176742534],[2320.0189621000554,1209.0708521772658]],"birth_date":[[2320.0189621000554,1209.0708521772658],[2321.7160538229336,1430.8901176742534],[3587.9572496372666,1423.4289913262596],[3586.22944132212,1197.5948974944852]],"parental_occupation":[[1381.530652161173,1441.9356621302318],[1384.9478730511305,1888.5853143752972],[3591.374470527224,1870.078643571325],[3587.9572496372666,1423.4289913262596]],"mother_age":[[1384.9478730511305,1888.5853143752972],[1386.7140771066142,2119.437943625556],[3593.140674582708,2100.9312728215837],[3591.374470527224,1870.078643571325]],"residence":[[1386.7140771066142,2119.437943625556],[1389.0178215268102,2420.5500687345884],[3595.4444190029035,2402.0433979306163],[3593.140674582708,2100.9312728215837]],"birth_place":[[1389.0178215268102,2420.5500687345884],[1391.321565947006,2721.6621938436215],[3597.7481634231,2703.1555230396493],[3595.4444190029035,2402.0433979306163]],"full_term":[[1391.321565947006,2721.6621938436215],[1393.7021018478752,3032.811389789622],[3600.128699323969,3014.3047189856497],[3597.7481634231,2703.1555230396493]],"natural_birth":[[1393.7021018478752,3032.811389789622],[1396.0058462680713,3333.923514898655],[3602.4324437441646,3315.416844094683],[3600.128699323969,3014.3047189856497]],"expected_death_cause":[[1396.0058462680713,3333.923514898655],[1398.3863821689404,3645.0727108446554],[3604.812979645034,3626.566040040683],[3602.4324437441646,3315.416844094683]],"death_signs":[[1398.3863821689404,3645.0727108446554],[1401.158554621243,4007.4109680591914],[3607.615868689606,3992.9191255900064],[3604.812979645034,3626.566040040683]]},"transform":{"matrix":[[1.021974041580467,0.007679148067319929,-30.999941074244134],[-0.007642082740425453,1.003707083696776,95.40862249205429],[0,0,1]]},"inverse_transform":{"matrix":[[0.9784424572461203,-0.007485853817900519,31.045873520111137],[0.007449721473998263,0.9962496117919474,-94.81986219260007],[0,0,1]]},"document_type":{"classification":"C","confidence":0.9998069405555725},"delivery_tag":"Aarhus_kasse4_omegn"},{"image_id":"DSC_0022.JPG","processed":true,"shape":{"width":4000,"height":6000},"regions":{"name":[[1386.6311171557695,1010.8818087995704],[1386.2756707552232,1303.0440209996157],[3579.9878483058574,1310.2008616662963],[3580.343294706404,1018.0386494662511]],"birth_date":[[1386.2756707552232,1303.0440209996157],[1386.0795623963013,1464.2369656617095],[2663.875808040173,1464.3758516599526],[2664.0670136901226,1307.212730614411]],"birth_place":[[2664.0670136901226,1307.212730614411],[2663.875808040173,1464.3758516599526],[3579.791739946935,1471.3938063283902],[3579.9878483058574,1310.2008616662963]],"bastard_child":[[1386.0795623963013,1464.2369656617095],[1385.8895824235956,1620.3926308031132],[3579.60175997423,1627.5494714697936],[3579.791739946935,1471.3938063283902]],"caretaker":[[1385.8895824235956,1620.3926308031132],[1385.6138050438612,1847.0702092341826],[3579.325982594495,1854.2270499008632],[3579.60175997423,1627.5494714697936]],"father_occupation":[[1385.6138050438612,1847.0702092341826],[1385.2461018708825,2149.3069804756087],[3578.9582794215166,2156.4638211422894],[3579.325982594495,1854.2270499008632]],"breast_milk":[[1385.2461018708825,2149.3069804756087],[1384.8783986979035,2451.543751717035],[3578.590576248538,2458.7005923837155],[3578.9582794215166,2156.4638211422894]],"residence":[[1384.8783986979035,2451.543751717035],[1384.6026213181694,2678.2213301481047],[3578.3147988688033,2685.378170814785],[3578.590576248538,2458.7005923837155]],"death_date":[[1384.6026213181694,2678.2213301481047],[1384.4065129592475,2839.4142748101985],[2897.316365703141,2840.3202033775638],[2897.5075713530896,2683.157082332022]],"age":[[2897.5075713530896,2683.157082332022],[2897.316365703141,2840.3202033775638],[3578.118690509881,2846.571115476879],[3578.3147988688033,2685.378170814785]],"death_place":[[1384.4065129592475,2839.4142748101985],[1384.1307355795134,3066.091853241268],[3577.8429131301473,3073.2486939079486],[3578.118690509881,2846.571115476879]],"death_cause":[[1384.1307355795134,3066.091853241268],[1383.7630324065344,3368.328624482694],[3577.4752099571688,3375.4854651493747],[3577.8429131301473,3073.2486939079486]],"disease_duration":[[1383.7630324065344,3368.328624482694],[1383.5669240476125,3529.521569144788],[3577.2791015982466,3536.6784098114686],[3577.4752099571688,3375.4854651493747]],"signs_of_death":[[1383.5669240476125,3529.521569144788],[1383.289920990635,3757.206603479996],[3577.0020985412693,3764.3634441466766],[3577.2791015982466,3536.6784098114686]]},"transform":{"matrix":[[1.022233074347919,-0.0012256772432628499,-4.569282777538547],[0.0033349676918362453,1.007455904138087,117.76347535349669],[0,0,1]]},"inverse_transform":{"matrix":[[0.9782466014964779,0.0011901410203945875,4.329730205681047],[-0.003238276531249745,0.9925953352506074,-116.90627289996384],[0,0,1]]},"document_type":{"classification":"A","confidence":0.9999966621398926},"delivery_tag":"Aarhus_kasse4_omegn"},{"image_id":"DSC_0023.JPG","processed":true,"shape":{"width":4000,"height":6000},"regions":{"name":[[1398.2886398814378,1049.0512499847662],[1397.664619402737,1341.2361224765627],[3585.2184302567257,1351.305702736758],[3585.8424507354266,1059.1208302449613]],"birth_date":[[1397.664619402737,1341.2361224765627],[1397.3203322420743,1502.4415693685883],[2671.533162891494,1504.2767525463548],[2671.8688428731402,1347.1014418266298]],"birth_place":[[2671.8688428731402,1347.1014418266298],[2671.533162891494,1504.2767525463548],[3584.874143096063,1512.5111496287836],[3585.2184302567257,1351.305702736758]],"bastard_child":[[1397.3203322420743,1502.4415693685883],[1396.9868040551823,1658.6093460452382],[3584.5406149091714,1668.6789263054334],[3584.874143096063,1512.5111496287836]],"caretaker":[[1396.9868040551823,1658.6093460452382],[1396.5026502355006,1885.3045057371492],[3584.0564610894894,1895.3740859973445],[3584.5406149091714,1668.6789263054334]],"father_occupation":[[1396.5026502355006,1885.3045057371492],[1395.8571118092582,2187.564718659697],[3583.410922663247,2197.6342989198924],[3584.0564610894894,1895.3740859973445]],"breast_milk":[[1395.8571118092582,2187.564718659697],[1395.2115733830158,2489.8249315822454],[3582.7653842370046,2499.894511842441],[3583.410922663247,2197.6342989198924]],"residence":[[1395.2115733830158,2489.8249315822454],[1394.727419563334,2716.5200912741566],[3582.281230417323,2726.5896715343515],[3582.7653842370046,2499.894511842441]],"death_date":[[1394.727419563334,2716.5200912741566],[1394.3831324026714,2877.725538166182],[2903.0495401706457,2880.639940104361],[2903.385220152292,2723.464629384636]],"age":[[2903.385220152292,2723.464629384636],[2903.0495401706457,2880.639940104361],[3581.93694325666,2887.7951184263775],[3582.281230417323,2726.5896715343515]],"death_place":[[1394.3831324026714,2877.725538166182],[1393.8989785829897,3104.4206978580933],[3581.4527894369785,3114.490278118288],[3581.93694325666,2887.7951184263775]],"death_cause":[[1393.8989785829897,3104.4206978580933],[1393.2534401567473,3406.680910780641],[3580.807251010736,3416.7504910408366],[3581.4527894369785,3114.490278118288]],"disease_duration":[[1393.2534401567473,3406.680910780641],[1392.9091529960847,3567.8863576726667],[3580.4629638500733,3577.955937932862],[3580.807251010736,3416.7504910408366]],"signs_of_death":[[1392.9091529960847,3567.8863576726667],[1392.4228473816486,3795.589051407653],[3579.9766582356374,3805.658631667848],[3580.4629638500733,3577.955937932862]]},"transform":{"matrix":[[1.0193633787763228,-0.0021517947541413057,11.81360096123899],[0.004692255480053722,1.0075340430751603,154.01537202864165],[0,0,1]]},"inverse_transform":{"matrix":[[0.9809947953855884,0.002095114769628845,-11.911760938424724],[-0.004568657740340815,0.9925125369799971,-152.80821532659235],[0,0,1]]},"document_type":{"classification":"A","confidence":0.9999955892562866},"delivery_tag":"Aarhus_kasse4_omegn"},{"image_id":"DSC_0030.JPG","processed":true,"shape":{"width":4000,"height":6000},"regions":{"name":[[1423.0567278206786,1071.286671387034],[1420.6849254805113,1363.286167766169],[3604.3763791341426,1382.646712835029],[3606.7481814743096,1090.6472164558936]],"birth_date":[[1420.6849254805113,1363.286167766169],[1419.3763448790398,1524.3893381822436],[2691.3635407859874,1531.6388704484377],[2692.639406872422,1374.563279292765]],"birth_place":[[2692.639406872422,1374.563279292765],[2691.3635407859874,1531.6388704484377],[3603.067798532671,1543.7498832511035],[3604.3763791341426,1382.646712835029]],"bastard_child":[[1419.3763448790398,1524.3893381822436],[1418.1086574213643,1680.458034522816],[3601.8001110749956,1699.8185795916759],[3603.067798532671,1543.7498832511035]],"caretaker":[[1418.1086574213643,1680.458034522816],[1416.2684659505449,1907.009367920421],[3599.9599196041763,1926.369912989281],[3601.8001110749956,1699.8185795916759]],"father_occupation":[[1416.2684659505449,1907.009367920421],[1413.8148773227858,2209.077812450561],[3597.5063309764173,2228.4383575194206],[3599.9599196041763,1926.369912989281]],"breast_milk":[[1413.8148773227858,2209.077812450561],[1411.3612886950266,2511.146256980701],[3595.0527423486574,2530.5068020495605],[3597.5063309764173,2228.4383575194206]],"residence":[[1411.3612886950266,2511.146256980701],[1409.521097224207,2737.697590378306],[3593.212550877838,2757.0581354471656],[3595.0527423486574,2530.5068020495605]],"death_date":[[1409.521097224207,2737.697590378306],[1408.2125166227356,2898.8007607943805],[2914.239337105794,2908.1252815814682],[2915.515203192229,2751.0496904257952]],"age":[[2915.515203192229,2751.0496904257952],[2914.239337105794,2908.1252815814682],[3591.9039702763666,2918.16130586324],[3593.212550877838,2757.0581354471656]],"death_place":[[1408.2125166227356,2898.8007607943805],[1406.3723251519164,3125.352094191985],[3590.0637788055474,3144.712639260845],[3591.9039702763666,2918.16130586324]],"death_cause":[[1406.3723251519164,3125.352094191985],[1403.918736524157,3427.420538722125],[3587.6101901777884,3446.781083790985],[3590.0637788055474,3144.712639260845]],"disease_duration":[[1403.918736524157,3427.420538722125],[1402.6101559226856,3588.5237091382],[3586.301609576317,3607.8842542070597],[3587.6101901777884,3446.781083790985]],"signs_of_death":[[1402.6101559226856,3588.5237091382],[1400.761785823107,3816.0819373509053],[3584.4532394767384,3835.442482419765],[3586.301609576317,3607.8842542070597]]},"transform":{"matrix":[[1.017563585113528,-0.00817862875919723,44.34867546166538],[0.009021689221276746,1.0068948151004664,170.9179037490435],[0,0,1]]},"inverse_transform":{"matrix":[[0.98266880306919,0.007981849953955409,-44.94430089578814],[-0.008804626278515165,0.9930808811747962,-169.34482895026198],[0,0,1]]},"document_type":{"classification":"A","confidence":0.9999953508377075},"delivery_tag":"Aarhus_kasse4_omegn"},{"image_id":"DSC_0033.JPG","processed":true,"shape":{"width":4000,"height":6000},"regions":{"name":[[1410.0550198641372,1027.6048098981212],[1408.6822350625453,1319.160531509794],[3584.2939127305635,1327.1430228681056],[3585.6666975321555,1035.5873012564327]],"birth_date":[[1408.6822350625453,1319.160531509794],[1407.9248365513222,1480.0188606748547],[2675.191952821196,1480.647036275127],[2675.930416369639,1323.8101653391925]],"birth_place":[[2675.930416369639,1323.8101653391925],[2675.191952821196,1480.647036275127],[3583.5365142193405,1488.0013520331663],[3584.2939127305635,1327.1430228681056]],"bastard_child":[[1407.9248365513222,1480.0188606748547],[1407.191106743575,1635.8503670535076],[3582.8027844115927,1643.832858411819],[3583.5365142193405,1488.0013520331663]],"caretaker":[[1407.191106743575,1635.8503670535076],[1406.1260150871672,1862.0573924418743],[3581.7376927551854,1870.0398838001859],[3582.8027844115927,1643.832858411819]],"father_occupation":[[1406.1260150871672,1862.0573924418743],[1404.705892878624,2163.6667596263633],[3580.317570546642,2171.649250984675],[3581.7376927551854,1870.0398838001859]],"breast_milk":[[1404.705892878624,2163.6667596263633],[1403.2857706700806,2465.2761268108525],[3578.8974483380985,2473.258618169164],[3580.317570546642,2171.649250984675]],"residence":[[1403.2857706700806,2465.2761268108525],[1402.220679013673,2691.483152199219],[3577.832356681691,2699.4656435575307],[3578.8974483380985,2473.258618169164]],"death_date":[[1402.220679013673,2691.483152199219],[1401.4632805024498,2852.3414813642803],[2901.904062132829,2853.8251895891617],[2902.6425256812718,2696.9883186532275]],"age":[[2902.6425256812718,2696.9883186532275],[2901.904062132829,2853.8251895891617],[3577.074958170468,2860.323972722592],[3577.832356681691,2699.4656435575307]],"death_place":[[1401.4632805024498,2852.3414813642803],[1400.3981888460423,3078.548506752647],[3576.0098665140604,3086.5309981109585],[3577.074958170468,2860.323972722592]],"death_cause":[[1400.3981888460423,3078.548506752647],[1398.978066637499,3380.157873937136],[3574.589744305517,3388.1403652954477],[3576.0098665140604,3086.5309981109585]],"disease_duration":[[1398.978066637499,3380.157873937136],[1398.2206681262758,3541.016203102197],[3573.832345794294,3548.9986944605084],[3574.589744305517,3388.1403652954477]],"signs_of_death":[[1398.2206681262758,3541.016203102197],[1397.1508427291733,3768.2285930478456],[3572.762520397191,3776.211084406157],[3573.832345794294,3548.9986944605084]]},"transform":{"matrix":[[1.0137985450456748,-0.004733740695144543,33.4365608050457],[0.0037197070635188972,1.0053645572816303,135.8070293552105],[0,0,1]]},"inverse_transform":{"matrix":[[0.9863722229560653,0.0046443156351088,-33.61162551907066],[-0.0036494381052272562,0.9946468843203949,-134.95801395785884],[0,0,1]]},"document_type":{"classification":"A","confidence":0.9999727010726929},"delivery_tag":"Aarhus_kasse4_omegn"},{"image_id":"DSC_0035.JPG","processed":true,"shape":{"width":4000,"height":6000},"regions":{"name":[[1429.6513845762047,1107.736927727325],[1425.4997593731098,1400.5613792576219],[3609.161547637056,1440.4103111174734],[3613.313172840151,1147.5858595871769]],"birth_date":[[1425.4997593731098,1400.5613792576219],[1423.2092075369196,1562.119697343303],[2695.2036732573038,1581.291906597505],[2697.4369612975893,1423.772546463966]],"birth_place":[[2697.4369612975893,1423.772546463966],[2695.2036732573038,1581.291906597505],[3606.870995800866,1601.9686292031545],[3609.161547637056,1440.4103111174734]],"bastard_child":[[1423.2092075369196,1562.119697343303],[1420.99023544561,1718.6293179888064],[3604.6520237095565,1758.4782498486577],[3606.870995800866,1601.9686292031545]],"caretaker":[[1420.99023544561,1718.6293179888064],[1417.7691469259676,1945.820702796795],[3601.4309351899137,1985.6696346566466],[3604.6520237095565,1758.4782498486577]],"father_occupation":[[1417.7691469259676,1945.820702796795],[1413.4743622331107,2248.742549207447],[3597.136150497057,2288.5914810672984],[3601.4309351899137,1985.6696346566466]],"breast_milk":[[1413.4743622331107,2248.742549207447],[1409.1795775402538,2551.6643956180988],[3592.8413658042,2591.51332747795],[3597.136150497057,2288.5914810672984]],"residence":[[1409.1795775402538,2551.6643956180988],[1405.9584890206113,2778.8557804260877],[3589.6202772845572,2818.704712285939],[3592.8413658042,2591.51332747795]],"death_date":[[1405.9584890206113,2778.8557804260877],[1403.667937184421,2940.4140985117683],[2909.698848058909,2963.857162531938],[2911.9321360991944,2806.3378023983987]],"age":[[2911.9321360991944,2806.3378023983987],[2909.698848058909,2963.857162531938],[3587.3297254483673,2980.26303037162],[3589.6202772845572,2818.704712285939]],"death_place":[[1403.667937184421,2940.4140985117683],[1400.4468486647784,3167.6054833197572],[3584.1086369287245,3207.454415179609],[3587.3297254483673,2980.26303037162]],"death_cause":[[1400.4468486647784,3167.6054833197572],[1396.1520639719215,3470.5273297304093],[3579.8138522358677,3510.3762615902606],[3584.1086369287245,3207.454415179609]],"disease_duration":[[1396.1520639719215,3470.5273297304093],[1393.8615121357313,3632.08564781609],[3577.5233003996773,3671.9345796759417],[3579.8138522358677,3510.3762615902606]],"signs_of_death":[[1393.8615121357313,3632.08564781609],[1390.6261076671124,3860.2867721121142],[3574.2878959310588,3900.135703971966],[3577.5233003996773,3671.9345796759417]]},"transform":{"matrix":[[1.0175497615395834,-0.014315948976189407,56.375276356291124],[0.01856893376507524,1.009739488035506,191.8558114919765],[0,0,1]]},"inverse_transform":{"matrix":[[0.9824987214346441,0.01392973309639952,-58.061137187657124],[-0.018067980799765942,0.9900982892664819,-188.93752333325162],[0,0,1]]},"document_type":{"classification":"A","confidence":0.9998700618743896},"delivery_tag":"Aarhus_kasse4_omegn"},{"image_id":"DSC_0041.JPG","processed":true,"shape":{"width":4000,"height":6000},"regions":{"sex_of_child":[[1348.080344993704,990.1788802271317],[1350.3237360547466,1223.7642028675189],[3535.9677799735373,1200.5684803652048],[3533.724388912494,966.9831577248176]],"bastard_child":[[1350.3237360547466,1223.7642028675189],[1352.4716636663832,1447.4097245444852],[2283.7952595186625,1434.396684508881],[2281.685517286788,1214.7270832172828]],"birth_date":[[2281.685517286788,1214.7270832172828],[2283.7952595186625,1434.396684508881],[3538.1157075851734,1424.2140020421712],[3535.9677799735373,1200.5684803652048]],"parental_occupation":[[1352.4716636663832,1447.4097245444852],[1356.719787164953,1889.7308674167075],[3542.363831083743,1866.5351449143936],[3538.1157075851734,1424.2140020421712]],"mother_age":[[1356.719787164953,1889.7308674167075],[1358.9154465012925,2118.3462895753846],[3544.5594904200825,2095.1505670730703],[3542.363831083743,1866.5351449143936]],"residence":[[1358.9154465012925,2118.3462895753846],[1361.7793499834745,2416.540318478006],[3547.423393902265,2393.3445959756923],[3544.5594904200825,2095.1505670730703]],"birth_place":[[1361.7793499834745,2416.540318478006],[1364.6432534656565,2714.734347380628],[3550.287297384447,2691.538624878314],[3547.423393902265,2393.3445959756923]],"full_term":[[1364.6432534656565,2714.734347380628],[1367.6026203972447,3022.8681772466707],[3553.246664316035,2999.6724547443564],[3550.287297384447,2691.538624878314]],"natural_birth":[[1367.6026203972447,3022.8681772466707],[1370.4665238794266,3321.0622061492927],[3556.110567798217,3297.8664836469784],[3553.246664316035,2999.6724547443564]],"expected_death_cause":[[1370.4665238794266,3321.0622061492927],[1373.4258908110146,3629.1960360153353],[3559.069934729805,3606.000313513021],[3556.110567798217,3297.8664836469784]],"death_signs":[[1373.4258908110146,3629.1960360153353],[1376.8721213345736,3988.022850794823],[3562.554350633126,3968.8030486778775],[3559.069934729805,3606.000313513021]]},"transform":{"matrix":[[1.0123497622087407,0.009546344940606626,-49.37886844370928],[-0.009822956141560854,0.9939800963420728,117.02573011622417],[0,0,1]]},"inverse_transform":{"matrix":[[0.9877088488943634,-0.009486114870040776,49.882064828875194],[0.009760980867751625,1.0059626163435422,-117.24152345707985],[0,0,1]]},"document_type":{"classification":"C","confidence":0.9997537732124329},"delivery_tag":"Aarhus_kasse4_omegn"},{"image_id":"DSC_0047.JPG","processed":true,"shape":{"width":4000,"height":6000},"regions":{"name":[[1426.650564629632,1065.7221589155397],[1423.4104841434146,1664.9162960004865],[3579.2307871512357,1688.1360405468888],[3582.470867637454,1088.9419034619423]],"birth_date":[[1423.4104841434146,1664.9162960004865],[1422.1684532903646,1894.6073818830494],[2566.419616107669,1903.9971018461442],[2567.640046424144,1678.3006435441478]],"birth_place":[[2567.640046424144,1678.3006435441478],[2566.419616107669,1903.9971018461442],[3577.9887562981858,1917.8271264294517],[3579.2307871512357,1688.1360405468888]],"occupation":[[1422.1684532903646,1894.6073818830494],[1419.2523808527687,2433.8821052595013],[3575.0726838605906,2457.101849805904],[3577.9887562981858,1917.8271264294517]],"residence":[[1419.2523808527687,2433.8821052595013],[1418.0643513411555,2653.5866221906485],[3573.884654348977,2676.806366737051],[3575.0726838605906,2457.101849805904]],"death_date":[[1418.0643513411555,2653.5866221906485],[1416.8223204881056,2883.2777080732117],[2561.0734833054103,2892.6674280363063],[2562.2939136218856,2666.9709697343096]],"death_age":[[2562.2939136218856,2666.9709697343096],[2561.0734833054103,2892.6674280363063],[3572.642623495927,2906.497452619614],[3573.884654348977,2676.806366737051]],"death_location":[[1416.8223204881056,2883.2777080732117],[1413.6362413433249,3472.4852762067426],[3201.874654606837,3493.4027609519685],[3209.111103883585,2904.242571039831]],"manner_of_death":[[1413.6362413433249,3472.4852762067426],[1412.388810356131,3703.175018984447],[3200.6272236196437,3724.0925037296734],[3201.874654606837,3493.4027609519685]],"signs_of_violence":[[1412.388810356131,3703.175018984447],[1410.3421595156703,4081.6659822431047],[3198.580572779182,4102.583466988332],[3200.6272236196437,3724.0925037296734]],"signs_of_decay":[[1410.3421595156703,4081.6659822431047],[1408.74911994328,4376.26976630987],[3196.9875332067922,4397.187251055097],[3198.580572779182,4102.583466988332]],"death_cause":[[1408.74911994328,4376.26976630987],[1407.5556902975231,4596.972940136158],[3199.8444736930023,4617.937803102779],[3196.9875332067922,4397.187251055097]],"legal_autopsy":[[1974.585908236354,4607.6005187118135],[1972.9604678591018,4908.196244149429],[3561.7073518549423,4928.777665281308],[3563.3543927687697,4624.187312263128]]},"transform":{"matrix":[[1.0125925329917962,-0.005400134143695988,42.244530362501564],[0.011844555348372745,0.9986568951415778,148.68290955986913],[0,0,1]]},"inverse_transform":{"matrix":[[0.9875016057388599,0.005339813066978357,-42.51048050995847],[-0.011712248203245712,1.0012815784412312,-148.37867994650543],[0,0,1]]},"document_type":{"classification":"B2","confidence":0.9991866946220398},"delivery_tag":"Aarhus_kasse4_omegn"},{"image_id":"DSC_0055.JPG","processed":true,"shape":{"width":4000,"height":6000},"regions":{"name":[[1413.6105864382982,1079.8166210587115],[1413.9959638464732,1369.8801076482391],[3583.2883383644107,1365.8080511235512],[3582.9029609562353,1075.7445645340235]],"birth_date":[[1413.9959638464732,1369.8801076482391],[1414.2085858647765,1529.9151347321163],[2677.770590047507,1523.5423715173401],[2677.5632835796614,1367.5082201105597]],"birth_place":[[2677.5632835796614,1367.5082201105597],[2677.770590047507,1523.5423715173401],[3583.500960382714,1525.8430782074286],[3583.2883383644107,1365.8080511235512]],"bastard_child":[[1414.2085858647765,1529.9151347321163],[1414.414563445008,1684.9490672196225],[3583.7069379629456,1680.8770106949346],[3583.500960382714,1525.8430782074286]],"caretaker":[[1414.414563445008,1684.9490672196225],[1414.7135631582473,1909.998324056325],[3584.0059376761847,1905.926267531637],[3583.7069379629456,1680.8770106949346]],"father_occupation":[[1414.7135631582473,1909.998324056325],[1415.1122294425663,2210.063999838595],[3584.4046039605037,2205.9919433139066],[3584.0059376761847,1905.926267531637]],"breast_milk":[[1415.1122294425663,2210.063999838595],[1415.510895726885,2510.129675620865],[3584.8032702448227,2506.057619096177],[3584.4046039605037,2205.9919433139066]],"residence":[[1415.510895726885,2510.129675620865],[1415.8098954401244,2735.178932457567],[3585.1022699580617,2731.106875932879],[3584.8032702448227,2506.057619096177]],"death_date":[[1415.8098954401244,2735.178932457567],[1416.022517458428,2895.2139595414446],[2912.0809084720654,2888.4047690197353],[2911.8736020042193,2732.370617612955]],"age":[[2911.8736020042193,2732.370617612955],[2912.0809084720654,2888.4047690197353],[3585.3148919763653,2891.1419030167567],[3585.1022699580617,2731.106875932879]],"death_place":[[1416.022517458428,2895.2139595414446],[1416.3215171716672,3120.263216378147],[3585.6138916896043,3116.191159853459],[3585.3148919763653,2891.1419030167567]],"death_cause":[[1416.3215171716672,3120.263216378147],[1416.720183455986,3420.3288921604167],[3586.0125579739233,3416.2568356357287],[3585.6138916896043,3116.191159853459]],"disease_duration":[[1416.720183455986,3420.3288921604167],[1416.9328054742896,3580.363919244294],[3586.225179992227,3576.2918627196063],[3586.0125579739233,3416.2568356357287]],"signs_of_death":[[1416.9328054742896,3580.363919244294],[1417.2331340751432,3806.4133950002706],[3586.5255085930803,3802.3413384755827],[3586.225179992227,3576.2918627196063]]},"transform":{"matrix":[[1.0108538557865505,0.0013288876143965295,35.655555981118596],[-0.0018975100301434748,1.000218919274233,200.2079429198934],[0,0,1]]},"inverse_transform":{"matrix":[[0.9892602183047382,-0.0013143279198060652,-35.00948420451164],[0.001876720336401181,0.9997786352363696,-200.23053944294747],[0,0,1]]},"document_type":{"classification":"A","confidence":0.9999821186065674},"delivery_tag":"Aarhus_kasse4_omegn"},{"image_id":"DSC_0056.JPG","processed":true,"shape":{"width":4000,"height":6000},"regions":{"name":[[1441.5447452728638,996.0924468187708],[1436.7120309763052,1594.983434522025],[3581.837070155677,1630.964249684283],[3586.669784452236,1032.0732619810287]],"birth_date":[[1436.7120309763052,1594.983434522025],[1434.8594904959577,1824.5583131416058],[2573.441774842485,1840.7226552904544],[2575.2620972275217,1615.140383255562]],"birth_place":[[2575.2620972275217,1615.140383255562],[2573.441774842485,1840.7226552904544],[3579.984529675329,1860.539128303864],[3581.837070155677,1630.964249684283]],"occupation":[[1434.8594904959577,1824.5583131416058],[1430.5100476290552,2363.5602020745346],[3575.6350868084264,2399.5410172367924],[3579.984529675329,1860.539128303864]],"residence":[[1430.5100476290552,2363.5602020745346],[1428.7380523869836,2583.1535642323943],[3573.8630915663553,2619.1343793946526],[3575.6350868084264,2399.5410172367924]],"death_date":[[1428.7380523869836,2583.1535642323943],[1426.885511906636,2812.728442851975],[2565.467796253163,2828.892785000824],[2567.2881186382,2603.3105129659316]],"death_age":[[2567.2881186382,2603.3105129659316],[2565.467796253163,2828.892785000824],[3572.0105510860076,2848.7092580142335],[3573.8630915663553,2619.1343793946526]],"death_location":[[1426.885511906636,2812.728442851975],[1422.1333428483535,3401.6379140935087],[3201.495658777246,3433.1398357425587],[3210.2780935567716,2844.3017165319407]],"manner_of_death":[[1422.1333428483535,3401.6379140935087],[1420.2727478441784,3632.2109443592617],[3199.635063773071,3663.7128660083117],[3201.495658777246,3433.1398357425587]],"signs_of_violence":[[1420.2727478441784,3632.2109443592617],[1417.220083313519,4010.5104182584837],[3196.582399242411,4042.0123399075337],[3199.635063773071,3663.7128660083117]],"signs_of_decay":[[1417.220083313519,4010.5104182584837],[1414.8439987843776,4304.9651538792505],[3194.2063147132703,4336.4670755283005],[3196.582399242411,4042.0123399075337]],"death_cause":[[1414.8439987843776,4304.9651538792505],[1413.0639490184785,4525.556667683282],[3196.4565306686145,4557.129941363248],[3194.2063147132703,4336.4670755283005]],"legal_autopsy":[[1977.2689318972223,4539.538558596096],[1974.8445202251155,4839.982204093894],[3555.7001403351223,4869.966341512716],[3558.1567701025397,4565.530089430229]]},"transform":{"matrix":[[1.007566430310811,-0.008054523827597618,66.42878337892421],[0.0178380077287939,0.9981516461720904,71.28591536763997],[0,0,1]]},"inverse_transform":{"matrix":[[0.9923486219527402,0.008007696677608804,-66.49134763172228],[-0.017734301652395465,1.0017086707007148,-70.22965143975881],[0,0,1]]},"document_type":{"classification":"B2","confidence":0.9990528225898743},"delivery_tag":"Aarhus_kasse4_omegn"},{"image_id":"DSC_0061.JPG","processed":true,"shape":{"width":4000,"height":6000},"regions":{"name":[[1465.623922781537,964.3806729560114],[1457.7685293034724,1562.7479152532364],[3591.5605244991602,1612.641689421863],[3599.4159179772246,1014.2744471246378]],"birth_date":[[1457.7685293034724,1562.7479152532364],[1454.757295136881,1792.122024800506],[2587.3391928073643,1815.673452245721],[2590.298057684102,1590.2884576470994]],"birth_place":[[2590.298057684102,1590.2884576470994],[2587.3391928073643,1815.673452245721],[3588.549290332569,1842.0157989691327],[3591.5605244991602,1612.641689421863]],"occupation":[[1454.757295136881,1792.122024800506],[1447.6874410066232,2330.652542868009],[3581.4794362023113,2380.546317036635],[3588.549290332569,1842.0157989691327]],"residence":[[1447.6874410066232,2330.652542868009],[1444.8071300646664,2550.053865043658],[3578.599125260354,2599.9476392122842],[3581.4794362023113,2380.546317036635]],"death_date":[[1444.8071300646664,2550.053865043658],[1441.795895898075,2779.4279745909275],[2574.377793568558,2802.9794020361423],[2577.3366584452956,2577.5944074375207]],"death_age":[[2577.3366584452956,2577.5944074375207],[2574.377793568558,2802.9794020361423],[3575.5878910937627,2829.321748759554],[3578.599125260354,2599.9476392122842]],"death_location":[[1441.795895898075,2779.4279745909275],[1434.071425644645,3367.8224295165323],[3204.024653184638,3410.863666567472],[3215.7580775208307,2822.5667002875093]],"manner_of_death":[[1434.071425644645,3367.8224295165323],[1431.04709915559,3598.193817800964],[3201.0003266955828,3641.2350548519034],[3204.024653184638,3410.863666567472]],"signs_of_violence":[[1431.04709915559,3598.193817800964],[1426.0851089419461,3976.162459185378],[3196.038336481939,4019.2036962363177],[3201.0003266955828,3641.2350548519034]],"signs_of_decay":[[1426.0851089419461,3976.162459185378],[1422.2228738152312,4270.35968664818],[3192.176101355224,4313.40092369912],[3196.038336481939,4019.2036962363177]],"death_cause":[[1422.2228738152312,4270.35968664818],[1419.3294705508108,4490.758287560991],[3193.2916521735665,4533.897013257573],[3192.176101355224,4313.40092369912]],"legal_autopsy":[[1980.5306728478179,4508.395812899518],[1976.5898837863222,4808.576712785293],[3549.0759381052953,4848.811191512689],[3553.0690964566447,4544.641176678266]]},"transform":{"matrix":[[1.0022385206908224,-0.013092322463440624,102.36194725575206],[0.024372161410498173,0.9972787371620419,31.39664658064612],[0,0,1]]},"inverse_transform":{"matrix":[[0.9974480495337826,0.013094545204270521,-102.51184944464259],[-0.024376299178906432,1.0024086751066992,-28.977065450857104],[0,0,1]]},"document_type":{"classification":"B2","confidence":0.9381826519966125},"delivery_tag":"Aarhus_kasse4_omegn"},{"image_id":"DSC_0071.JPG","processed":true,"shape":{"width":4000,"height":6000},"regions":{"name":[[1427.3458840833998,1131.3849045958673],[1427.6004879628968,1419.747886857705],[3589.5243855367016,1425.8976095114688],[3589.2697816572045,1137.534627249631]],"birth_date":[[1427.6004879628968,1419.747886857705],[1427.740959068826,1578.8447046573397],[2687.012783715808,1578.4493687031247],[2686.8758243875272,1423.3299713484807]],"birth_place":[[2686.8758243875272,1423.3299713484807],[2687.012783715808,1578.4493687031247],[3589.664856642631,1584.9944273111034],[3589.5243855367016,1425.8976095114688]],"bastard_child":[[1427.740959068826,1578.8447046573397],[1427.877040452695,1732.9697469007358],[3589.8009380265003,1739.1194695544996],[3589.664856642631,1584.9944273111034]],"caretaker":[[1427.877040452695,1732.9697469007358],[1428.074577945408,1956.699646931472],[3589.9984755192136,1962.8493695852358],[3589.8009380265003,1739.1194695544996]],"father_occupation":[[1428.074577945408,1956.699646931472],[1428.3379612690255,2255.006180305787],[3590.2618588428304,2261.155902959551],[3589.9984755192136,1962.8493695852358]],"breast_milk":[[1428.3379612690255,2255.006180305787],[1428.601344592643,2553.312713680102],[3590.525242166448,2559.4624363338658],[3590.2618588428304,2261.155902959551]],"residence":[[1428.601344592643,2553.312713680102],[1428.7988820853561,2777.0426137108384],[3590.7227796591615,2783.192336364602],[3590.525242166448,2559.4624363338658]],"death_date":[[1428.7988820853561,2777.0426137108384],[1428.9393531912854,2936.139431510473],[2919.9178397403994,2936.4031991025604],[2919.7808804121178,2781.2838017479166]],"age":[[2919.7808804121178,2781.2838017479166],[2919.9178397403994,2936.4031991025604],[3590.86325076509,2942.2891541642366],[3590.7227796591615,2783.192336364602]],"death_place":[[1428.9393531912854,2936.139431510473],[1429.1368906839984,3159.8693315412092],[3591.0607882578033,3166.019054194973],[3590.86325076509,2942.2891541642366]],"death_cause":[[1429.1368906839984,3159.8693315412092],[1429.400274007616,3458.175864915524],[3591.324171581421,3464.325587569288],[3591.0607882578033,3166.019054194973]],"disease_duration":[[1429.400274007616,3458.175864915524],[1429.5407451135452,3617.2726827151587],[3591.4646426873505,3623.4224053689227],[3591.324171581421,3464.325587569288]],"signs_of_death":[[1429.5407451135452,3617.2726827151587],[1429.7391605506702,3841.9969378571427],[3591.6630581244754,3848.1466605109063],[3591.4646426873505,3623.4224053689227]]},"transform":{"matrix":[[1.007420269139704,0.0008779444120581504,54.465130543687565],[0.0028656675926205873,0.9943551112477166,250.46065721423201],[0,0,1]]},"inverse_transform":{"matrix":[[0.9926368787510845,-0.0008764273357119123,-53.84458661715345],[-0.002860715756876506,1.0056794602228276,-251.72732929711685],[0,0,1]]},"document_type":{"classification":"A","confidence":0.9999959468841553},"delivery_tag":"Aarhus_kasse4_omegn"},{"image_id":"DSC_0077.JPG","processed":true,"shape":{"width":4000,"height":6000},"regions":{"name":[[1478.2076679506563,1096.7605408308773],[1474.6784971468144,1385.2644205362055],[3637.399569291834,1421.9506773477099],[3640.9287400956755,1133.4467976423816]],"birth_date":[[1474.6784971468144,1385.2644205362055],[1472.7313684274534,1544.4389748563865],[2732.519720541651,1561.8285863079723],[2734.418171043028,1406.6333958457956]],"birth_place":[[2734.418171043028,1406.6333958457956],[2732.519720541651,1561.8285863079723],[3635.452440572473,1581.125231667891],[3637.399569291834,1421.9506773477099]],"bastard_child":[[1472.7313684274534,1544.4389748563865],[1470.8450874805724,1698.639324354062],[3633.566159625592,1735.3255811655663],[3635.452440572473,1581.125231667891]],"caretaker":[[1470.8450874805724,1698.639324354062],[1468.1069377189708,1922.4785413668167],[3630.8280098639902,1959.164798178321],[3633.566159625592,1735.3255811655663]],"father_occupation":[[1468.1069377189708,1922.4785413668167],[1464.456071370169,2220.930830717156],[3627.177143515188,2257.6170875286607],[3630.8280098639902,1959.164798178321]],"breast_milk":[[1464.456071370169,2220.930830717156],[1460.8052050213669,2519.3831200674954],[3623.5262771663865,2556.069376879],[3627.177143515188,2257.6170875286607]],"residence":[[1460.8052050213669,2519.3831200674954],[1458.0670552597653,2743.2223370802503],[3620.788127404785,2779.9085938917547],[3623.5262771663865,2556.069376879]],"death_date":[[1458.0670552597653,2743.2223370802503],[1456.1199265404043,2902.3968914004313],[2947.700378651505,2923.7183943089817],[2949.5988291528824,2768.523203846805]],"age":[[2949.5988291528824,2768.523203846805],[2947.700378651505,2923.7183943089817],[3618.840998685424,2939.0831482119356],[3620.788127404785,2779.9085938917547]],"death_place":[[1456.1199265404043,2902.3968914004313],[1453.381776778803,3126.236108413186],[3616.1028489238224,3162.92236522469],[3618.840998685424,2939.0831482119356]],"death_cause":[[1453.381776778803,3126.236108413186],[1449.730910430001,3424.6883977635252],[3612.4519825750203,3461.37465457503],[3616.1028489238224,3162.92236522469]],"disease_duration":[[1449.730910430001,3424.6883977635252],[1447.78378171064,3583.8629520837067],[3610.5048538556593,3620.549208895211],[3612.4519825750203,3461.37465457503]],"signs_of_death":[[1447.78378171064,3583.8629520837067],[1445.0334623945423,3808.6970100609624],[3607.754534539562,3845.3832668724667],[3610.5048538556593,3620.549208895211]]},"transform":{"matrix":[[1.0077917391169708,-0.012169554496006556,116.32886633881981],[0.01709518024767215,0.9948409645011317,196.02717464354964],[0,0,1]]},"inverse_transform":{"matrix":[[0.9920626469403162,0.01213556827291158,-117.7844242168886],[-0.017047438104774736,1.0049772535998434,-195.01974245550173],[0,0,1]]},"document_type":{"classification":"A","confidence":0.9999946355819702},"delivery_tag":"Aarhus_kasse4_omegn"},{"image_id":"DSC_0083.JPG","processed":true,"shape":{"width":4000,"height":6000},"regions":{"name":[[1419.7572264955074,1164.2612662145098],[1419.0024681436032,1451.7489136729916],[3571.855895139219,1460.9767420638213],[3572.6106534911232,1173.4890946053392]],"birth_date":[[1419.0024681436032,1451.7489136729916],[1418.5860497425526,1610.362788132844],[2672.5884377163347,1611.7724578084105],[2672.9944456573594,1457.1239302100546]],"birth_place":[[2672.9944456573594,1457.1239302100546],[2672.5884377163347,1611.7724578084105],[3571.439476738168,1619.5906165236736],[3571.855895139219,1460.9767420638213]],"bastard_child":[[1418.5860497425526,1610.362788132844],[1418.182644416535,1764.0199790158256],[3571.0360714121507,1773.2478074066555],[3571.439476738168,1619.5906165236736]],"caretaker":[[1418.182644416535,1764.0199790158256],[1417.5970560400576,1987.0707399749929],[3570.4504830356736,1996.29856