[{"image_id":"DSC_0017.JPG","processed":true,"shape":{"width":4000,"height":6000},"regions":{"name":[[1437.078535536472,925.3773560768823],[1430.9493108978234,1220.9981016393767],[3644.876200330764,1263.3581052957948],[3651.005424969412,967.7373597333004]],"birth_date":[[1430.9493108978234,1220.9981016393767],[1427.5676697178792,1384.0992026393735],[2717.2181994664716,1404.6954889869378],[2720.515299616917,1245.6719155119408]],"birth_place":[[2720.515299616917,1245.6719155119408],[2717.2181994664716,1404.6954889869378],[3641.4945591508194,1426.4592062957915],[3644.876200330764,1263.3581052957948]],"bastard_child":[[1427.5676697178792,1384.0992026393735],[1424.2917048248084,1542.1033942331205],[3638.218594257749,1584.4633978895386],[3641.4945591508194,1426.4592062957915]],"caretaker":[[1424.2917048248084,1542.1033942331205],[1419.536271915512,1771.464317514366],[3633.4631613484526,1813.8243211707843],[3638.218594257749,1584.4633978895386]],"father_occupation":[[1419.536271915512,1771.464317514366],[1413.1956947031172,2077.27888188936],[3627.1225841360574,2119.6388855457785],[3633.4631613484526,1813.8243211707843]],"breast_milk":[[1413.1956947031172,2077.27888188936],[1406.855117490722,2383.0934462643545],[3620.7820069236623,2425.4534499207725],[3627.1225841360574,2119.6388855457785]],"residence":[[1406.855117490722,2383.0934462643545],[1402.0996845814257,2612.4543695456],[3616.026574014366,2654.814373202018],[3620.7820069236623,2425.4534499207725]],"death_date":[[1402.0996845814257,2612.4543695456],[1398.7180434014817,2775.5554705455966],[2925.648715074388,2800.691738645713],[2928.9458152248335,2641.668165170716]],"age":[[2928.9458152248335,2641.668165170716],[2925.648715074388,2800.691738645713],[3612.6449328344215,2817.915474202015],[3616.026574014366,2654.814373202018]],"death_place":[[1398.7180434014817,2775.5554705455966],[1393.9626104921854,3004.9163938268425],[3607.889499925125,3047.2763974832606],[3612.6449328344215,2817.915474202015]],"death_cause":[[1393.9626104921854,3004.9163938268425],[1387.6220332797902,3310.7309582018365],[3601.548922712731,3353.0909618582546],[3607.889499925125,3047.2763974832606]],"disease_duration":[[1387.6220332797902,3310.7309582018365],[1384.2403920998463,3473.8320592018335],[3598.1672815327865,3516.1920628582516],[3601.548922712731,3353.0909618582546]],"signs_of_death":[[1384.2403920998463,3473.8320592018335],[1379.4638239331753,3704.212364364329],[3593.390713366116,3746.572368020747],[3598.1672815327865,3516.1920628582516]]},"transform":{"matrix":[[1.031652790975275,-0.021135257374650225,50.60873123258875],[0.019739051098051325,1.0193818812499804,-0.6020507811463176],[0,0,1]]},"inverse_transform":{"matrix":[[0.9689339911727793,0.02008930083922281,-49.024425162119776],[-0.0187621910043623,0.9805976294560803,1.5399002506785266],[0,0,1]]},"document_type":{"classification":"A","confidence":0.9999842643737793},"delivery_tag":"Aarhus_kasse5_omegn"},{"image_id":"DSC_0018.JPG","processed":true,"shape":{"width":4000,"height":6000},"regions":{"name":[[1383.3012510121514,907.0372225378916],[1384.3270143652474,1202.4690101735573],[3603.8287783425794,1195.1785015825797],[3602.803014989484,899.746713946914]],"birth_date":[[1384.3270143652474,1202.4690101735573],[1384.8929527669554,1365.4658585242694],[2677.6920405472038,1357.1443689377188],[2677.1402506055383,1198.2224417957743]],"birth_place":[[2677.1402506055383,1198.2224417957743],[2677.6920405472038,1357.1443689377188],[3604.3947167442875,1358.1753499332917],[3603.8287783425794,1195.1785015825797]],"bastard_child":[[1384.8929527669554,1365.4658585242694],[1385.4412055936102,1523.3690553640217],[3604.9429695709423,1516.078546773044],[3604.3947167442875,1358.1753499332917]],"caretaker":[[1385.4412055936102,1523.3690553640217],[1386.2370564710122,1752.5833733572106],[3605.738820448344,1745.292864766233],[3604.9429695709423,1516.078546773044]],"father_occupation":[[1386.2370564710122,1752.5833733572106],[1387.298190974215,2058.2024640147956],[3606.799954951547,2050.911955423818],[3605.738820448344,1745.292864766233]],"breast_milk":[[1387.298190974215,2058.2024640147956],[1388.3593254774175,2363.821554672381],[3607.86108945475,2356.5310460814035],[3606.799954951547,2050.911955423818]],"residence":[[1388.3593254774175,2363.821554672381],[1389.1551763548196,2593.0358726655695],[3608.656940332152,2585.745364074592],[3607.86108945475,2356.5310460814035]],"death_date":[[1389.1551763548196,2593.0358726655695],[1389.7211147565276,2756.032721016282],[2920.3978380049894,2746.9298628482193],[2919.846048063325,2588.007935706275]],"age":[[2919.846048063325,2588.007935706275],[2920.3978380049894,2746.9298628482193],[3609.22287873386,2748.7422124253044],[3608.656940332152,2585.745364074592]],"death_place":[[1389.7211147565276,2756.032721016282],[1390.5169656339297,2985.2470390094704],[3610.0187296112617,2977.956530418493],[3609.22287873386,2748.7422124253044]],"death_cause":[[1390.5169656339297,2985.2470390094704],[1391.5781001371324,3290.8661296670557],[3611.0798641144647,3283.5756210760783],[3610.0187296112617,2977.956530418493]],"disease_duration":[[1391.5781001371324,3290.8661296670557],[1392.1440385388405,3453.862978017768],[3611.645802516173,3446.57246942679],[3611.0798641144647,3283.5756210760783]],"signs_of_death":[[1392.1440385388405,3453.862978017768],[1392.9434265312532,3684.0960263131487],[3612.4451905085853,3676.805517722171],[3611.645802516173,3446.57246942679]]},"transform":{"matrix":[[1.034250588992233,0.003537115010675579,-28.467786634685808],[-0.0033972547022262534,1.0187303021919505,13.144156909023422],[0,0,1]]},"inverse_transform":{"matrix":[[0.966872637880988,-0.00335706095470197,27.56884969405356],[0.0032243201251867526,0.9816028766958841,-12.810552976273732],[0,0,1]]},"document_type":{"classification":"A","confidence":0.9999967813491821},"delivery_tag":"Aarhus_kasse5_omegn"},{"image_id":"DSC_0023.JPG","processed":true,"shape":{"width":4000,"height":6000},"regions":{"name":[[1449.066098985212,961.6706794386537],[1441.7405452638568,1256.5652771432672],[3643.672999778284,1314.5006086909789],[3650.9985534996385,1019.6060109863653]],"birth_date":[[1441.7405452638568,1256.5652771432672],[1437.6988604520748,1419.2657448423645],[2720.379384465675,1448.9443489162613],[2724.3200271571623,1290.3113929096417]],"birth_place":[[2724.3200271571623,1290.3113929096417],[2720.379384465675,1448.9443489162613],[3639.631314966502,1477.201076390076],[3643.672999778284,1314.5006086909789]],"bastard_child":[[1437.6988604520748,1419.2657448423645],[1433.783478290661,1576.8818229258648],[3635.7159328050875,1634.8171544735762],[3639.631314966502,1477.201076390076]],"caretaker":[[1433.783478290661,1576.8818229258648],[1428.0998590240924,1805.67935562772],[3630.0323135385197,1863.6146871754318],[3635.7159328050875,1634.8171544735762]],"father_occupation":[[1428.0998590240924,1805.67935562772],[1420.5217000020011,2110.742732563527],[3622.4541545164275,2168.678064111239],[3630.0323135385197,1863.6146871754318]],"breast_milk":[[1420.5217000020011,2110.742732563527],[1412.9435409799098,2415.8061094993345],[3614.875995494336,2473.741441047046],[3622.4541545164275,2168.678064111239]],"residence":[[1412.9435409799098,2415.8061094993345],[1407.2599217133413,2644.60364220119],[3609.1923762277684,2702.5389737489013],[3614.875995494336,2473.741441047046]],"death_date":[[1407.2599217133413,2644.60364220119],[1403.218236901559,2807.304109900287],[2921.8933855835276,2843.191999275197],[2925.834028275015,2684.559043268577]],"age":[[2925.834028275015,2684.559043268577],[2921.8933855835276,2843.191999275197],[3605.1506914159863,2865.2394414479986],[3609.1923762277684,2702.5389737489013]],"death_place":[[1403.218236901559,2807.304109900287],[1397.5346176349906,3036.1016426021424],[3599.4670721494176,3094.036974149854],[3605.1506914159863,2865.2394414479986]],"death_cause":[[1397.5346176349906,3036.1016426021424],[1389.9564586128993,3341.1650195379493],[3591.8889131273263,3399.1003510856613],[3599.4670721494176,3094.036974149854]],"disease_duration":[[1389.9564586128993,3341.1650195379493],[1385.9147738011172,3503.8654872370466],[3587.8472283155443,3561.800818784758],[3591.8889131273263,3399.1003510856613]],"signs_of_death":[[1385.9147738011172,3503.8654872370466],[1380.205894004475,3733.6798978620213],[3582.1383485189017,3791.615229409733],[3587.8472283155443,3561.800818784758]]},"transform":{"matrix":[[1.0260635855146445,-0.02526053007363784,73.84728303921452],[0.026996892613099538,1.0168779231193572,28.014583508339],[0,0,1]]},"inverse_transform":{"matrix":[[0.9739618863456397,0.024194441595447338,-72.60223629488704],[-0.02585752316685787,0.9827598795663051,-25.622100882759433],[0,0,1]]},"document_type":{"classification":"A","confidence":0.9999954700469971},"delivery_tag":"Aarhus_kasse5_omegn"},{"image_id":"DSC_0024.JPG","processed":true,"shape":{"width":4000,"height":6000},"regions":{"name":[[1413.2785696743993,1044.8372509369874],[1409.6993062585166,1340.1013623589292],[3621.7101501173056,1376.2439006560767],[3625.289413533188,1080.9797892341348]],"birth_date":[[1409.6993062585166,1340.1013623589292],[1407.7245402359604,1503.005699695173],[2696.2238417367043,1519.985361938111],[2698.1492386086966,1361.1536330352733]],"birth_place":[[2698.1492386086966,1361.1536330352733],[2696.2238417367043,1519.985361938111],[3619.73538409475,1539.1482379923204],[3621.7101501173056,1376.2439006560767]],"bastard_child":[[1407.7245402359604,1503.005699695173],[1405.8114856516092,1660.8192764896592],[3617.822329510398,1696.9618147868066],[3619.73538409475,1539.1482379923204]],"caretaker":[[1405.8114856516092,1660.8192764896592],[1403.03447093239,1889.9035008687517],[3615.0453147911785,1926.0460391658994],[3617.822329510398,1696.9618147868066]],"father_occupation":[[1403.03447093239,1889.9035008687517],[1399.3317846400973,2195.3491333742086],[3611.3426284988864,2231.4916716713565],[3615.0453147911785,1926.0460391658994]],"breast_milk":[[1399.3317846400973,2195.3491333742086],[1395.6290983478048,2500.7947658796656],[3607.6399422065933,2536.937304176813],[3611.3426284988864,2231.4916716713565]],"residence":[[1395.6290983478048,2500.7947658796656],[1392.8520836285854,2729.8789902587587],[3604.8629274873747,2766.021528555906],[3607.6399422065933,2536.937304176813]],"death_date":[[1392.8520836285854,2729.8789902587587],[1390.8773176060292,2892.7833275950024],[2916.4514066592064,2913.6366076423874],[2918.3768035311987,2754.80487873955]],"age":[[2918.3768035311987,2754.80487873955],[2916.4514066592064,2913.6366076423874],[3602.888161464818,2928.92586589215],[3604.8629274873747,2766.021528555906]],"death_place":[[1390.8773176060292,2892.7833275950024],[1388.10030288681,3121.867551974095],[3600.1111467455985,3158.0100902712425],[3602.888161464818,2928.92586589215]],"death_cause":[[1388.10030288681,3121.867551974095],[1384.3976165945173,3427.313184479552],[3596.4084604533064,3463.4557227766995],[3600.1111467455985,3158.0100902712425]],"disease_duration":[[1384.3976165945173,3427.313184479552],[1382.4228505719614,3590.217521815796],[3594.4336944307506,3626.3600601129433],[3596.4084604533064,3463.4557227766995]],"signs_of_death":[[1382.4228505719614,3590.217521815796],[1379.633493565101,3820.31989830324],[3591.6443374238897,3856.4624366003873],[3594.4336944307506,3626.3600601129433]]},"transform":{"matrix":[[1.030759945880144,-0.012342287640975199,20.269421084983378],[0.016841816541075243,1.0181521083515233,123.88853724199953],[0,0,1]]},"inverse_transform":{"matrix":[[0.9699658734146137,0.011758162374181947,-21.11734826349581],[-0.01604474140666675,0.9819770179577589,-121.33047874027606],[0,0,1]]},"document_type":{"classification":"A","confidence":0.9999980926513672},"delivery_tag":"Aarhus_kasse5_omegn"},{"image_id":"DSC_0033.JPG","processed":true,"shape":{"width":4000,"height":6000},"regions":{"name":[[1415.5989340705964,1012.4422184690048],[1411.4105769002495,1306.8921012181838],[3604.166580553542,1335.7168682148254],[3608.354937723889,1041.2669854656465]],"birth_date":[[1411.4105769002495,1306.8921012181838],[1409.0997591510923,1469.347208941869],[2686.3919212847636,1482.0756535907162],[2688.6449685901916,1323.6819235601233]],"birth_place":[[2688.6449685901916,1323.6819235601233],[2686.3919212847636,1482.0756535907162],[3601.855762804385,1498.1719759385105],[3604.166580553542,1335.7168682148254]],"bastard_child":[[1409.0997591510923,1469.347208941869],[1406.8611544565965,1626.7255945491888],[3599.6171581098893,1655.5503615458304],[3601.855762804385,1498.1719759385105]],"caretaker":[[1406.8611544565965,1626.7255945491888],[1403.6115669968444,1855.1780897856208],[3596.367570650137,1884.0028567822624],[3599.6171581098893,1655.5503615458304]],"father_occupation":[[1403.6115669968444,1855.1780897856208],[1399.278783717175,2159.78141676753],[3592.0347873704677,2188.606183764172],[3596.367570650137,1884.0028567822624]],"breast_milk":[[1399.278783717175,2159.78141676753],[1394.9460004375057,2464.3847437494396],[3587.7020040907983,2493.209510746081],[3592.0347873704677,2188.606183764172]],"residence":[[1394.9460004375057,2464.3847437494396],[1391.6964129777537,2692.837238985872],[3584.452416631046,2721.662005982513],[3587.7020040907983,2493.209510746081]],"death_date":[[1391.6964129777537,2692.837238985872],[1389.3855952285967,2855.2923467095566],[2901.688885433217,2871.110118669321],[2903.941932738645,2712.716388638728]],"age":[[2903.941932738645,2712.716388638728],[2901.688885433217,2871.110118669321],[3582.1415988818894,2884.1171137061983],[3584.452416631046,2721.662005982513]],"death_place":[[1389.3855952285967,2855.2923467095566],[1386.1360077688446,3083.744841945989],[3578.8920114221373,3112.56960894263],[3582.1415988818894,2884.1171137061983]],"death_cause":[[1386.1360077688446,3083.744841945989],[1381.8032244891751,3388.3481689278983],[3574.559228142468,3417.1729359245396],[3578.8920114221373,3112.56960894263]],"disease_duration":[[1381.8032244891751,3388.3481689278983],[1379.4924067400182,3550.803276651583],[3572.2484103933107,3579.628043648225],[3574.559228142468,3417.1729359245396]],"signs_of_death":[[1379.4924067400182,3550.803276651583],[1376.2283766693338,3780.271116311288],[3568.9843803226267,3809.09588330793],[3572.2484103933107,3579.628043648225]]},"transform":{"matrix":[[1.0217875133519538,-0.014442610932231323,36.662723727463344],[0.013431857873551509,1.0153444232730313,98.61424671841405],[0,0,1]]},"inverse_transform":{"matrix":[[0.9784940963157448,0.013918439111546107,-37.24681511065929],[-0.012944369743475792,0.9847033445863298,-96.63120271575264],[0,0,1]]},"document_type":{"classification":"A","confidence":0.9999924898147583},"delivery_tag":"Aarhus_kasse5_omegn"},{"image_id":"DSC_0038.JPG","processed":true,"shape":{"width":4000,"height":6000},"regions":{"name":[[1434.101784004631,855.1359879521841],[1427.4704147559946,1461.1028583661234],[3604.0818011268243,1480.3774726311128],[3610.713170375461,874.4106022171734]],"birth_date":[[1427.4704147559946,1461.1028583661234],[1424.9283898773506,1693.390158691467],[2580.2313535578282,1700.652770035097],[2582.729169308148,1472.4052488458465]],"birth_place":[[2582.729169308148,1472.4052488458465],[2580.2313535578282,1700.652770035097],[3601.5397762481803,1712.6647729564563],[3604.0818011268243,1480.3774726311128]],"occupation":[[1424.9283898773506,1693.390158691467],[1418.9601575535778,2238.760342064012],[3595.5715439244077,2258.0349563290015],[3601.5397762481803,1712.6647729564563]],"residence":[[1418.9601575535778,2238.760342064012],[1416.5286554957445,2460.9481945491234],[3593.1400418665744,2480.222808814113],[3595.5715439244077,2258.0349563290015]],"death_date":[[1416.5286554957445,2460.9481945491234],[1413.9866306171004,2693.235494874467],[2569.289594297578,2700.498106218097],[2571.7874100478975,2472.2505850288467]],"death_age":[[2571.7874100478975,2472.2505850288467],[2569.289594297578,2700.498106218097],[3590.5980169879304,2712.5101091394563],[3593.1400418665744,2480.222808814113]],"death_location":[[1413.9866306171004,2693.235494874467],[1407.4657841892747,3289.1029174481737],[3212.940970507065,3306.766653366042],[3223.5512284554297,2710.93923925421]],"manner_of_death":[[1407.4657841892747,3289.1029174481737],[1404.9127070285497,3522.4001625575406],[3210.3878933463398,3540.0638984754087],[3212.940970507065,3306.766653366042]],"signs_of_violence":[[1404.9127070285497,3522.4001625575406],[1400.7238921198277,3905.1692357023458],[3206.199078437618,3922.832971620214],[3210.3878933463398,3540.0638984754087]],"signs_of_decay":[[1400.7238921198277,3905.1692357023458],[1397.4634689059146,4203.102946989199],[3202.938655223705,4220.766682907068],[3206.199078437618,3922.832971620214]],"death_cause":[[1397.4634689059146,4203.102946989199],[1395.0209145660003,4426.300744258334],[3204.585512404329,4444.0044886380765],[3202.938655223705,4220.766682907068]],"legal_autopsy":[[1967.4943183130795,4435.941708056944],[1964.1675814066803,4739.935088047937],[3568.2171457737822,4757.648296786501],[3571.588091808506,4449.615137659416]]},"transform":{"matrix":[[1.022352880134649,-0.011052282081060722,41.402790897009254],[0.010002115468781504,1.0099447840232323,-69.55710965993967],[0,0,1]]},"inverse_transform":{"matrix":[[0.9780311342796248,0.010703036592809944,-39.748746253363656],[-0.009686054615935445,0.9900471419922013,69.265847317942],[0,0,1]]},"document_type":{"classification":"B2","confidence":0.9992479681968689},"delivery_tag":"Aarhus_kasse5_omegn"},{"image_id":"DSC_0042.JPG","processed":true,"shape":{"width":4000,"height":6000},"regions":{"name":[[1458.7258803297966,969.0173525936743],[1453.013553047417,1262.7990936016265],[3647.0589363833174,1316.060580238016],[3652.7712636656975,1022.2788392300639]],"birth_date":[[1453.013553047417,1262.7990936016265],[1449.861924201966,1424.8855713991172],[2727.9261432408452,1451.8571085667088],[2730.9989813651596,1293.8227927141552]],"birth_place":[[2730.9989813651596,1293.8227927141552],[2727.9261432408452,1451.8571085667088],[3643.907307537867,1478.1470580355067],[3647.0589363833174,1316.060580238016]],"bastard_child":[[1449.861924201966,1424.8855713991172],[1446.8087837579355,1581.9068467654365],[3640.854167093836,1635.168333401826],[3643.907307537867,1478.1470580355067]],"caretaker":[[1446.8087837579355,1581.9068467654365],[1442.3768056940203,1809.8409561681578],[3636.422189029921,1863.1024428045475],[3640.854167093836,1635.168333401826]],"father_occupation":[[1442.3768056940203,1809.8409561681578],[1436.4675016088,2113.753102038453],[3630.5128849447005,2167.014588674843],[3636.422189029921,1863.1024428045475]],"breast_milk":[[1436.4675016088,2113.753102038453],[1430.5581975235796,2417.6652479087484],[3624.60358085948,2470.926734545138],[3630.5128849447005,2167.014588674843]],"residence":[[1430.5581975235796,2417.6652479087484],[1426.1262194596643,2645.59935731147],[3620.171602795565,2698.8608439478594],[3624.60358085948,2470.926734545138]],"death_date":[[1426.1262194596643,2645.59935731147],[1422.9745906142134,2807.685835108961],[2936.188128463557,2840.365732913258],[2939.2609665878717,2682.331417060704]],"age":[[2939.2609665878717,2682.331417060704],[2936.188128463557,2840.365732913258],[3617.019973950114,2860.9473217453506],[3620.171602795565,2698.8608439478594]],"death_place":[[1422.9745906142134,2807.685835108961],[1418.5426125502981,3035.619944511682],[3612.5879958861988,3088.881431148072],[3617.019973950114,2860.9473217453506]],"death_cause":[[1418.5426125502981,3035.619944511682],[1412.6333084650778,3339.5320903819775],[3606.6786918009784,3392.793577018367],[3612.5879958861988,3088.881431148072]],"disease_duration":[[1412.6333084650778,3339.5320903819775],[1409.481679619627,3501.618568179468],[3603.5270629555275,3554.880054815858],[3606.6786918009784,3392.793577018367]],"signs_of_death":[[1409.481679619627,3501.618568179468],[1405.0300038754276,3730.5657180684243],[3599.0753872113282,3783.8272047048135],[3603.5270629555275,3554.880054815858]]},"transform":{"matrix":[[1.0223883426541942,-0.019697680284067903,83.60631164533197],[0.0248189592900231,1.0130404862343176,41.712221181994664],[0,0,1]]},"inverse_transform":{"matrix":[[0.9776404579547688,0.01900935790349897,-82.52983534624993],[-0.02395167720932197,0.9866616597284459,-39.153337993195926],[0,0,1]]},"document_type":{"classification":"A","confidence":0.9999866485595703},"delivery_tag":"Aarhus_kasse5_omegn"},{"image_id":"DSC_0043.JPG","processed":true,"shape":{"width":4000,"height":6000},"regions":{"name":[[1440.8929225614984,1047.360395642038],[1436.8901027069062,1341.1698266966657],[3639.9594681193694,1382.1271204057764],[3643.962287973962,1088.3176893511486]],"birth_date":[[1436.8901027069062,1341.1698266966657],[1434.681650373338,1503.271581761288],[2717.9785703329258,1523.0758026266985],[2720.1318113581547,1365.026591438692]],"birth_place":[[2720.1318113581547,1365.026591438692],[2717.9785703329258,1523.0758026266985],[3637.751015785801,1544.2288754703986],[3639.9594681193694,1382.1271204057764]],"bastard_child":[[1434.681650373338,1503.271581761288],[1432.5422121751938,1660.3076569801406],[3635.611577587657,1701.2649506892515],[3637.751015785801,1544.2288754703986]],"caretaker":[[1432.5422121751938,1660.3076569801406],[1429.4365760811136,1888.2632500397656],[3632.5059414935768,1929.2205437488765],[3635.611577587657,1701.2649506892515]],"father_occupation":[[1429.4365760811136,1888.2632500397656],[1425.2957279556733,2192.204040785932],[3628.3650933681365,2233.161334495043],[3632.5059414935768,1929.2205437488765]],"breast_milk":[[1425.2957279556733,2192.204040785932],[1421.1548798302329,2496.144831532099],[3624.2242452426963,2537.1021252412097],[3628.3650933681365,2233.161334495043]],"residence":[[1421.1548798302329,2496.144831532099],[1418.0492437361527,2724.100424591724],[3621.118609148616,2765.0577183008345],[3624.2242452426963,2537.1021252412097]],"death_date":[[1418.0492437361527,2724.100424591724],[1415.8407914025845,2886.2021796563463],[2935.254185754002,2910.39604523429],[2937.407426779231,2752.346834046283]],"age":[[2937.407426779231,2752.346834046283],[2935.254185754002,2910.39604523429],[3618.9101568150477,2927.159473365457],[3621.118609148616,2765.0577183008345]],"death_place":[[1415.8407914025845,2886.2021796563463],[1412.7351553085043,3114.157772715971],[3615.8045207209675,3155.1150664250817],[3618.9101568150477,2927.159473365457]],"death_cause":[[1412.7351553085043,3114.157772715971],[1408.5943071830638,3418.098563462138],[3611.6636725955273,3459.0558571712486],[3615.8045207209675,3155.1150664250817]],"disease_duration":[[1408.5943071830638,3418.098563462138],[1406.3858548494957,3580.20031852676],[3609.455220261959,3621.1576122358706],[3611.6636725955273,3459.0558571712486]],"signs_of_death":[[1406.3858548494957,3580.20031852676],[1403.2664159283308,3809.169047555539],[3606.335781340794,3850.1263412646495],[3609.455220261959,3621.1576122358706]]},"transform":{"matrix":[[1.0265933669209988,-0.013802827084801064,54.84685030389255],[0.019085411793621058,1.0131359691538888,127.78013998539609],[0,0,1]]},"inverse_transform":{"matrix":[[0.9738488625517945,0.01326758487092159,-55.107876635068784],[-0.01834532296989974,0.986784413067637,-125.08526725448293],[0,0,1]]},"document_type":{"classification":"A","confidence":0.9999967813491821},"delivery_tag":"Aarhus_kasse5_omegn"},{"image_id":"DSC_0057.JPG","processed":true,"shape":{"width":4000,"height":6000},"regions":{"name":[[1421.1462479016716,993.2557503226978],[1416.935101031079,1285.851485936219],[3607.1709097396856,1327.6865782330904],[3611.382056610278,1035.0908426195692]],"birth_date":[[1416.935101031079,1285.851485936219],[1414.6117096542002,1447.2836159298856],[2690.43622541987,1467.6158766926671],[2692.701532012327,1310.219549948842]],"birth_place":[[2692.701532012327,1310.219549948842],[2690.43622541987,1467.6158766926671],[3604.847518362807,1489.1187082267572],[3607.1709097396856,1327.6865782330904]],"bastard_child":[[1414.6117096542002,1447.2836159298856],[1412.360924257849,1603.6709918612503],[3602.596732966456,1645.506084158122],[3604.847518362807,1489.1187082267572]],"caretaker":[[1412.360924257849,1603.6709918612503],[1409.0936551341135,1830.6849246648442],[3599.32946384272,1872.5200169617158],[3602.596732966456,1645.506084158122]],"father_occupation":[[1409.0936551341135,1830.6849246648442],[1404.7372963024661,2133.3701684029693],[3594.9731050110727,2175.205260699841],[3599.32946384272,1872.5200169617158]],"breast_milk":[[1404.7372963024661,2133.3701684029693],[1400.3809374708185,2436.0554121410946],[3590.6167461794253,2477.8905044379662],[3594.9731050110727,2175.205260699841]],"residence":[[1400.3809374708185,2436.0554121410946],[1397.113668347083,2663.0693449446885],[3587.3494770556895,2704.90443724156],[3590.6167461794253,2477.8905044379662]],"death_date":[[1397.113668347083,2663.0693449446885],[1394.7902769702043,2824.5014749383554],[2905.355816036424,2849.3174594794596],[2907.6211226288806,2691.9211327356343]],"age":[[2907.6211226288806,2691.9211327356343],[2905.355816036424,2849.3174594794596],[3585.026085678811,2866.336567235227],[3587.3494770556895,2704.90443724156]],"death_place":[[1394.7902769702043,2824.5014749383554],[1391.5230078464688,3051.5154077419493],[3581.758816555075,3093.350500038821],[3585.026085678811,2866.336567235227]],"death_cause":[[1391.5230078464688,3051.5154077419493],[1387.1666490148214,3354.2006514800746],[3577.4024577234277,3396.035743776946],[3581.758816555075,3093.350500038821]],"disease_duration":[[1387.1666490148214,3354.2006514800746],[1384.8432576379425,3515.6327814737415],[3575.079066346549,3557.4678737706126],[3577.4024577234277,3396.035743776946]],"signs_of_death":[[1384.8432576379425,3515.6327814737415],[1381.5614673181014,3743.6556650897955],[3571.797276026708,3785.490757386667],[3575.079066346549,3557.4678737706126]]},"transform":{"matrix":[[1.0206131447849984,-0.014521196105491579,43.87883966954723],[0.019494451210098546,1.0089508124604174,76.80969118445546],[0,0,1]]},"inverse_transform":{"matrix":[[0.9795338967606931,0.014097816891739107,-44.06365976867877],[-0.01892607203761797,0.9908562027503751,-75.27690486094555],[0,0,1]]},"document_type":{"classification":"A","confidence":0.9999938011169434},"delivery_tag":"Aarhus_kasse5_omegn"},{"image_id":"DSC_0059.JPG","processed":true,"shape":{"width":4000,"height":6000},"regions":{"name":[[1408.4720119406527,847.2451729274723],[1403.895148063395,1449.6431100142295],[3571.575107114454,1463.5524200851874],[3576.151970991712,861.1544829984301]],"birth_date":[[1403.895148063395,1449.6431100142295],[1402.140683577113,1680.5623192308199],[2552.693090886518,1684.9946902451416],[2554.4170429469514,1458.0914672757963]],"birth_place":[[2554.4170429469514,1458.0914672757963],[2552.693090886518,1684.9946902451416],[3569.820642628172,1694.4716293017777],[3571.575107114454,1463.5524200851874]],"occupation":[[1402.140683577113,1680.5623192308199],[1398.021506087581,2222.7204626089015],[3565.70146513864,2236.6297726798593],[3569.820642628172,1694.4716293017777]],"residence":[[1398.021506087581,2222.7204626089015],[1396.3433226659197,2443.599706207379],[3564.023281716979,2457.5090162783367],[3565.70146513864,2236.6297726798593]],"death_date":[[1396.3433226659197,2443.599706207379],[1394.5888581796376,2674.5189154239692],[2545.141265489043,2678.951286438291],[2546.8652175494763,2452.0480634689457]],"death_age":[[2546.8652175494763,2452.0480634689457],[2545.141265489043,2678.951286438291],[3562.268817230697,2688.428225494927],[3564.023281716979,2457.5090162783367]],"death_location":[[1394.5888581796376,2674.5189154239692],[1390.088275367001,3266.876886892614],[3188.160546485905,3280.0802487721953],[3196.7337731742355,2687.752182992972]],"manner_of_death":[[1390.088275367001,3266.876886892614],[1388.3261827742567,3498.8000926710156],[3186.398453893161,3512.003454550597],[3188.160546485905,3280.0802487721953]],"signs_of_violence":[[1388.3261827742567,3498.8000926710156],[1385.4351304251222,3879.3147895974835],[3183.507401544027,3892.518151477065],[3186.398453893161,3512.003454550597]],"signs_of_decay":[[1385.4351304251222,3879.3147895974835],[1383.184839018804,4175.493775331806],[3181.257110137708,4188.697137211388],[3183.507401544027,3892.518151477065]],"death_cause":[[1383.184839018804,4175.493775331806],[1381.4990274906806,4397.377015492095],[3183.643942485279,4410.610283061098],[3181.257110137708,4188.697137211388]],"legal_autopsy":[[1951.6386576619932,4405.579798258346],[1949.3425976169024,4707.782763363537],[3546.821901644952,4721.521263162733],[3549.148474115891,4415.302311810297]]},"transform":{"matrix":[[1.0181609689235016,-0.00762810646209612,18.435714606419197],[0.007476422355368901,1.003996561811262,-68.61737729785227],[0,0,1]]},"inverse_transform":{"matrix":[[0.9821081763306729,0.007461804164777375,-17.59385661976589],[-0.007313426962003427,0.9959637815856456,68.47525082832436],[0,0,1]]},"document_type":{"classification":"B2","confidence":0.9987987279891968},"delivery_tag":"Aarhus_kasse5_omegn"},{"image_id":"DSC_0064.JPG","processed":true,"shape":{"width":4000,"height":6000},"regions":{"name":[[1404.7188709714944,1009.2794841411486],[1400.2408488025526,1613.6343769843218],[3584.164715456961,1646.353952633277],[3588.6427376259026,1041.9990597901037]],"birth_date":[[1400.2408488025526,1613.6343769843218],[1398.5242736377916,1845.303752574205],[2557.697904527394,1859.7103817274574],[2559.3846262110283,1632.0700387565287]],"birth_place":[[2559.3846262110283,1632.0700387565287],[2557.697904527394,1859.7103817274574],[3582.4481402922,1878.02332822316],[3584.164715456961,1646.353952633277]],"occupation":[[1398.5242736377916,1845.303752574205],[1394.4940536857441,2389.223156133061],[3578.4179203401522,2421.942731782016],[3582.4481402922,1878.02332822316]],"residence":[[1394.4940536857441,2389.223156133061],[1392.8521122237987,2610.8199501755576],[3576.7759788782073,2643.539525824513],[3578.4179203401522,2421.942731782016]],"death_date":[[1392.8521122237987,2610.8199501755576],[1391.1355370590377,2842.4893257654408],[2550.3091679486397,2856.8959549186934],[2551.9958896322746,2629.2556119477645]],"death_age":[[2551.9958896322746,2629.2556119477645],[2550.3091679486397,2856.8959549186934],[3575.059403713446,2875.2089014143958],[3576.7759788782073,2643.539525824513]],"death_location":[[1391.1355370590377,2842.4893257654408],[1386.7321485929117,3436.771637061228],[3198.278972401202,3465.5834766096505],[3206.7855246811637,2871.366424293588]],"manner_of_death":[[1386.7321485929117,3436.771637061228],[1385.008110057869,3669.4482708058495],[3196.5549338661594,3698.260110354272],[3198.278972401202,3465.5834766096505]],"signs_of_violence":[[1385.008110057869,3669.4482708058495],[1382.1794927211542,4051.1991114517873],[3193.7263165294444,4080.01095100021],[3196.5549338661594,3698.260110354272]],"signs_of_decay":[[1382.1794927211542,4051.1991114517873],[1379.9777984880911,4348.34026709968],[3191.5246222963815,4377.152106648104],[3193.7263165294444,4080.01095100021]],"death_cause":[[1379.9777984880911,4348.34026709968],[1378.3283936558644,4570.944319296916],[3193.97838127799,4599.821417825064],[3191.5246222963815,4377.152106648104]],"legal_autopsy":[[1952.7414741116818,4584.109609077319],[1950.4949996569294,4887.294313653643],[3559.9460788932674,4914.906664760105],[3562.222406829146,4607.692927564825]]},"transform":{"matrix":[[1.025790953458828,-0.007463370281569612,4.065642819958157],[0.016314744931156543,1.0072581547386221,78.34879852136464],[0,0,1]]},"inverse_transform":{"matrix":[[0.9747426259751014,0.007222443534120091,-4.528825131889538],[-0.015788084952696322,0.9926771632198154,-77.7108743436403],[0,0,1]]},"document_type":{"classification":"B2","confidence":0.9984878301620483},"delivery_tag":"Aarhus_kasse5_omegn"},{"image_id":"DSC_0090.JPG","processed":true,"shape":{"width":4000,"height":6000},"regions":{"name":[[1429.0421189097592,994.1894743232804],[1424.2043059670737,1284.2074164001422],[3596.474194213937,1331.5006547699827],[3601.3120071566227,1041.482712693121]],"birth_date":[[1424.2043059670737,1284.2074164001422],[1421.535167791799,1444.2173154770314],[2686.9035552902533,1467.764387647034],[2689.505965011146,1311.754736047067]],"birth_place":[[2689.505965011146,1311.754736047067],[2686.9035552902533,1467.764387647034],[3593.8050560386623,1491.510553846872],[3596.474194213937,1331.5006547699827]],"bastard_child":[[1421.535167791799,1444.2173154770314],[1418.9494401845016,1599.226905207768],[3591.2193284313653,1646.5201435776085],[3593.8050560386623,1491.510553846872]],"caretaker":[[1418.9494401845016,1599.226905207768],[1415.1959646255214,1824.2408257846434],[3587.465852872385,1871.534064154484],[3591.2193284313653,1646.5201435776085]],"father_occupation":[[1415.1959646255214,1824.2408257846434],[1410.1913305468813,2124.259386553811],[3582.4612187937446,2171.5526249236514],[3587.465852872385,1871.534064154484]],"breast_milk":[[1410.1913305468813,2124.259386553811],[1405.186696468241,2424.2779473229784],[3577.456584715105,2471.5711856928187],[3582.4612187937446,2171.5526249236514]],"residence":[[1405.186696468241,2424.2779473229784],[1401.4332209092609,2649.291867899854],[3573.7031091561244,2696.5851062696943],[3577.456584715105,2471.5711856928187]],"death_date":[[1401.4332209092609,2649.291867899854],[1398.7640827339862,2809.3017669767432],[2896.94797549655,2837.91754596178],[2899.550385217443,2681.907894361813]],"age":[[2899.550385217443,2681.907894361813],[2896.94797549655,2837.91754596178],[3571.0339709808495,2856.5950053465835],[3573.7031091561244,2696.5851062696943]],"death_place":[[1398.7640827339862,2809.3017669767432],[1395.010607175006,3034.315687553619],[3567.2804954218695,3081.608925923459],[3571.0339709808495,2856.5950053465835]],"death_cause":[[1395.010607175006,3034.315687553619],[1390.005973096366,3334.334248322786],[3562.2758613432293,3381.627486692627],[3567.2804954218695,3081.608925923459]],"disease_duration":[[1390.005973096366,3334.334248322786],[1387.3368349210912,3494.3441473996754],[3559.6067231679544,3541.637385769516],[3562.2758613432293,3381.627486692627]],"signs_of_death":[[1387.3368349210912,3494.3441473996754],[1383.5666772485156,3720.3581298457816],[3555.836565495379,3767.651368215622],[3559.6067231679544,3541.637385769516]]},"transform":{"matrix":[[1.012241327235258,-0.01668211359546724,65.0830554065401],[0.022037855717539846,1.000061869230558,82.11934617463885],[0,0,1]]},"inverse_transform":{"matrix":[[0.9875480632508644,0.01647336977742176,-65.62542767259231],[-0.021762095327965192,0.9995751193101468,-80.6681115941935],[0,0,1]]},"document_type":{"classification":"A","confidence":0.9999946355819702},"delivery_tag":"Aarhus_kasse5_omegn"},{"image_id":"DSC_0097.JPG","processed":true,"shape":{"width":4000,"height":6000},"regions":{"name":[[1437.0621075917481,918.1885435759732],[1422.7900789905732,1518.2041002831388],[3536.3282637967395,1590.4748687791882],[3550.6002923979145,990.4593120720227]],"birth_date":[[1422.7900789905732,1518.2041002831388],[1417.3191346934564,1748.2100636875523],[2539.1824313190314,1783.6303578143422],[2544.558228758807,1557.62449812131]],"birth_place":[[2544.558228758807,1557.62449812131],[2539.1824313190314,1783.6303578143422],[3530.8573194996225,1820.4808321836017],[3536.3282637967395,1590.4748687791882]],"occupation":[[1417.3191346934564,1748.2100636875523],[1404.4743089523988,2288.224064724001],[3518.012493758565,2360.4948332200506],[3530.8573194996225,1820.4808321836017]],"residence":[[1404.4743089523988,2288.224064724001],[1399.2412317986348,2508.229768849962],[3512.779416604801,2580.5005373460112],[3518.012493758565,2360.4948332200506]],"death_date":[[1399.2412317986348,2508.229768849962],[1393.7702875015177,2738.2357322543753],[2515.633584127093,2773.6560263811652],[2521.009381566869,2547.650166688133]],"death_age":[[2521.009381566869,2547.650166688133],[2515.633584127093,2773.6560263811652],[3507.308472307684,2810.506500750425],[3512.779416604801,2580.5005373460112]],"death_location":[[1393.7702875015177,2738.2357322543753],[1379.7361260436958,3328.2510296830883],[3132.871128247856,3389.8584832956635],[3150.8761504128224,2799.9827270982364]],"manner_of_death":[[1379.7361260436958,3328.2510296830883],[1374.2413950322436,3559.257019015347],[3127.376397236404,3620.864472627922],[3132.871128247856,3389.8584832956635]],"signs_of_violence":[[1374.2413950322436,3559.257019015347],[1365.226230299168,3938.2668456687065],[3118.3612325033287,3999.8742992812818],[3127.376397236404,3620.864472627922]],"signs_of_decay":[[1365.226230299168,3938.2668456687065],[1358.209149570257,4233.274494383063],[3111.3441517744177,4294.881947995638],[3118.3612325033287,3999.8742992812818]],"death_cause":[[1358.209149570257,4233.274494383063],[1352.9522857021577,4454.280224436869],[3110.0581486134624,4516.02721928073],[3111.3441517744177,4294.881947995638]],"legal_autopsy":[[1908.7776378450033,4477.816100528228],[1901.6178368300807,4778.823904809657],[3459.140375778719,4835.559004637109],[3466.395323650983,4530.551096644299]]},"transform":{"matrix":[[0.9927151767860478,-0.02378671433529139,96.51250137172337],[0.03488530782139036,1.0000259278452759,-31.697485671413233],[0,0,1]]},"inverse_transform":{"matrix":[[1.006496976103686,0.023940635320824577,-96.38068284179606],[-0.03511104647889509,0.999138918048117,35.05884646003852],[0,0,1]]},"document_type":{"classification":"B2","confidence":0.999197781085968},"delivery_tag":"Aarhus_kasse5_omegn"},{"image_id":"DSC_0107.JPG","processed":true,"shape":{"width":4000,"height":6000},"regions":{"name":[[1452.3181088727904,972.7669638046324],[1447.687385546085,1261.0712420364448],[3610.0968091381155,1294.3031057164092],[3614.727532464821,1005.9988274845967]],"birth_date":[[1447.687385546085,1261.0712420364448],[1445.1325037106612,1420.1356714057206],[2704.754520905679,1435.515924417973],[2707.245530695217,1280.4281057829292]],"birth_place":[[2707.245530695217,1280.4281057829292],[2704.754520905679,1435.515924417973],[3607.541927302692,1453.367535085685],[3610.0968091381155,1294.3031057164092]],"bastard_child":[[1445.1325037106612,1420.1356714057206],[1442.6574619325943,1574.2293373572065],[3605.066885524625,1607.461201037171],[3607.541927302692,1453.367535085685]],"caretaker":[[1442.6574619325943,1574.2293373572065],[1439.0646593515298,1797.9136911577505],[3601.4740829435605,1831.1455548377148],[3605.066885524625,1607.461201037171]],"father_occupation":[[1439.0646593515298,1797.9136911577505],[1434.2742559101102,2096.159496225143],[3596.683679502141,2129.391359905107],[3601.4740829435605,1831.1455548377148]],"breast_milk":[[1434.2742559101102,2096.159496225143],[1429.4838524686907,2394.4053012925347],[3591.8932760607213,2427.6371649724992],[3596.683679502141,2129.391359905107]],"residence":[[1429.4838524686907,2394.4053012925347],[1425.891049887626,2618.089655093079],[3588.300473479656,2651.321518773043],[3591.8932760607213,2427.6371649724992]],"death_date":[[1425.891049887626,2618.089655093079],[1423.336168052202,2777.1540844623546],[2914.7168839546603,2796.0960004039603],[2917.2078937441984,2641.008181768916]],"age":[[2917.2078937441984,2641.008181768916],[2914.7168839546603,2796.0960004039603],[3585.7455916442323,2810.3859481423187],[3588.300473479656,2651.321518773043]],"death_place":[[1423.336168052202,2777.1540844623546],[1419.7433654711376,3000.8384382628988],[3582.152789063168,3034.070301942863],[3585.7455916442323,2810.3859481423187]],"death_cause":[[1419.7433654711376,3000.8384382628988],[1414.952962029718,3299.0842433302905],[3577.362385621748,3332.316107010255],[3582.152789063168,3034.070301942863]],"disease_duration":[[1414.952962029718,3299.0842433302905],[1412.3980801942942,3458.1486726995663],[3574.8075037863246,3491.380536379531],[3577.362385621748,3332.316107010255]],"signs_of_death":[[1412.3980801942942,3458.1486726995663],[1408.789309601758,3682.8271791836682],[3571.198733193789,3716.059042863633],[3574.8075037863246,3491.380536379531]]},"transform":{"matrix":[[1.007646516119306,-0.015968011471398508,93.9873400360691],[0.01548549099