[{"image_id":"DSC_0007.JPG","processed":true,"shape":{"width":4000,"height":6000},"regions":{"death_date":[[1350.509495618856,2348.5547366906067],[1347.2326163530615,2580.414742347468],[2799.9599964291015,2600.946149724676],[2803.2368756948954,2369.086144067815]],"birth_place":[[2556.2810837878487,1301.7093053868539],[2553.022717964234,1532.2593675089304],[3731.9718992703074,1548.9214654705963],[3735.2302650939223,1318.3714033485198]],"death_signs":[[1334.0000160545962,3423.999865306523],[1332.579461869037,3802.62908718579],[3699.6474292246758,3836.0828772043787],[3704.9978140145886,3457.5091956516508]],"residence":[[1354.841641088889,2042.0279495510276],[1350.509495618856,2348.5547366906067],[3720.1973500440636,2382.045553593555],[3724.5294955140967,2075.518766453976]],"death_location":[[1347.2326163530615,2580.414742347468],[1341.6090407904237,2885.613072510083],[3712.606838750416,2919.1224028552106],[3716.9204707782696,2613.905559250416]],"death_cause":[[1341.6090407904237,2885.613072510083],[1339.9523227164984,3188.247055929667],[3708.330233606922,3221.719359390436],[3712.606838750416,2919.1224028552106]],"occupation":[[1360.9741013103153,1515.4121351254685],[1354.841641088889,2042.0279495510276],[3724.5294955140967,2075.518766453976],[3731.9718992703074,1548.9214654705963]],"disease_duration":[[1339.9523227164984,3188.247055929667],[1334.0000160545962,3423.999865306523],[3704.9978140145886,3457.5091956516508],[3708.330233606922,3221.719359390436]],"death_age":[[2803.2368756948954,2369.086144067815],[2799.9599964291015,2600.946149724676],[3716.9204707782696,2613.905559250416],[3720.1973500440636,2382.045553593555]],"name":[[1367.0740455073512,898.3917033575973],[1364.23246713393,1284.8620730033917],[3735.2302650939223,1318.3714033485198],[3740.6917305369125,931.9380605870845]],"birth_date":[[1364.23246713393,1284.8620730033917],[1360.9741013103153,1515.4121351254685],[2553.022717964234,1532.2593675089304],[2556.2810837878487,1301.7093053868539]]},"transform":{"rotation":0.014132066916621933,"translation":[65.88689887148654,-110.51310488785161],"scale":1.3100743535636126,"matrix":[[1.309943534784526,-0.018513442179628702,65.88689887148654],[0.018513442179628702,1.309943534784526,-110.51310488785161],[0,0,1]]},"inverse_transform":{"rotation":-0.014132066916621933,"translation":[-49.09537606461943,85.05865049537344],"scale":0.7633154540273531,"matrix":[[0.763239232402617,0.010786866016048799,-49.09537606461943],[-0.010786866016048799,0.7632392324026169,85.05865049537344],[0,0,1]]},"document_type":{"classification":"B","confidence":0.9999741315841676},"delivery_tag":"Aarhus_kasse7_omegn"},{"image_id":"DSC_0015.JPG","processed":true,"shape":{"width":4000,"height":6000},"regions":{"death_date":[[1306.3343400321442,2375.214079692013],[1297.4363310640776,2606.528528092221],[2746.7455021139717,2662.2793300446833],[2755.643511082038,2430.964881644475]],"birth_place":[[2535.0914975341757,1359.739266420844],[2526.243759803217,1589.746853530656],[3702.4189211602097,1634.9909669276042],[3711.2666588911684,1404.9833798177922]],"death_signs":[[1263.7547930763092,3448.096927870562],[1253.146989423368,3825.9306545065197],[3614.64534117013,3916.7707799601703],[3629.173728694261,3539.087867035536]],"residence":[[1318.0978095153507,2069.408537739195],[1306.3343400321442,2375.214079692013],[3670.4464143596992,2466.1547476198793],[3682.209883842906,2160.349205667061]],"death_location":[[1297.4363310640776,2606.528528092221],[1284.4162715275822,2910.976937517535],[3649.8352071455342,3001.967876682509],[3661.548405391633,2697.4691960200876]],"death_cause":[[1284.4162715275822,2910.976937517535],[1275.417338336492,3212.962438073379],[3638.2225513736507,3303.8528347641372],[3649.8352071455342,3001.967876682509]],"occupation":[[1336.9999855422575,1544.0000277626305],[1318.0978095153507,2069.408537739195],[3682.209883842906,2160.349205667061],[3702.4189211602097,1634.9909669276042]],"disease_duration":[[1275.417338336492,3212.962438073379],[1263.7547930763092,3448.096927870562],[3629.173728694261,3539.087867035536],[3638.2225513736507,3303.8528347641372]],"death_age":[[2755.643511082038,2430.964881644475],[2746.7455021139717,2662.2793300446833],[3661.548405391633,2697.4691960200876],[3670.4464143596992,2466.1547476198793]],"name":[[1358.0640156392005,928.3678175115888],[1345.8477232732164,1313.9924406528185],[3711.2666588911684,1404.9833798177922],[3726.0966738379457,1019.459299150778]],"birth_date":[[1345.8477232732164,1313.9924406528185],[1336.9999855422575,1544.0000277626305],[2526.243759803217,1589.746853530656],[2535.0914975341757,1359.739266420844]]},"transform":{"rotation":0.03844819924521307,"translation":[83.98033533439155,-110.09164008443648],"scale":1.3078278287364744,"matrix":[[1.3068612903966588,-0.0502712371077203,83.98033533439155],[0.0502712371077203,1.3068612903966588,-110.09164008443648],[0,0,1]]},"inverse_transform":{"rotation":-0.03844819924521307,"translation":[-60.93041160113225,86.58507837412742],"scale":0.7646266412346688,"matrix":[[0.7640615508243266,0.02939127485727571,-60.93041160113225],[-0.029391274857275714,0.7640615508243266,86.58507837412742],[0,0,1]]},"document_type":{"classification":"B","confidence":0.9995802044868468},"delivery_tag":"Aarhus_kasse7_omegn"},{"image_id":"DSC_0014.JPG","processed":true,"shape":{"width":4000,"height":6000},"regions":{"death_date":[[1302.8817354969533,2405.9563351702036],[1297.0775115911786,2637.716870848264],[2749.18165886219,2674.083448879361],[2754.9858827679645,2442.3229132013007]],"birth_place":[[2519.736858337891,1372.5466434174589],[2513.9654266575726,1602.9977975380161],[3692.4088284104223,1632.5108004487354],[3698.180260090741,1402.0596463281781]],"death_signs":[[1274.649936839783,3480.9258016548465],[1269.101128355406,3859.4354484496307],[3635.153602763627,3918.6909998492633],[3644.6305559205134,3540.2797297308484]],"residence":[[1310.5551162537404,2099.561050714463],[1302.8817354969533,2405.9563351702036],[3671.5529730201806,2465.277471020749],[3679.2263537769677,2158.8821865650084]],"death_location":[[1297.0775115911786,2637.716870848264],[1288.1275415023447,2942.7699815210453],[3658.1081605830755,3002.1239095970473],[3665.748749114406,2697.0380066988096]],"death_cause":[[1288.1275415023447,2942.7699815210453],[1283.1713005369331,3245.3027057551894],[3650.533156502657,3304.5910493802785],[3658.1081605830755,3002.1239095970473]],"occupation":[[1322.4282093296918,1573.1568723727335],[1310.5551162537404,2099.561050714463],[3679.2263537769677,2158.8821865650084],[3692.4088284104223,1632.5108004487354]],"disease_duration":[[1283.1713005369331,3245.3027057551894],[1274.649936839783,3480.9258016548465],[3644.6305559205134,3540.2797297308484],[3650.533156502657,3304.5910493802785]],"death_age":[[2754.9858827679645,2442.3229132013007],[2749.18165886219,2674.083448879361],[3665.748749114406,2697.0380066988096],[3671.5529730201806,2465.277471020749]],"name":[[1335.2545844046285,956.3725743378297],[1328.19964101001,1342.7057182521762],[3698.180260090741,1402.0596463281781],[3707.8539666003653,1015.7920868647443]],"birth_date":[[1328.19964101001,1342.7057182521762],[1322.4282093296918,1573.1568723727335],[2513.9654266575726,1602.9977975380161],[2519.736858337891,1372.5466434174589]]},"transform":{"rotation":0.025038822361647138,"translation":[45.42642311645397,-66.44327749274379],"scale":1.3097921183072514,"matrix":[[1.309381557503166,-0.032792225456354636,45.42642311645397],[0.032792225456354636,1.309381557503166,-66.44327749274379],[0,0,1]]},"inverse_transform":{"rotation":-0.025038822361647138,"translation":[-33.40125183029498,51.58051790654154],"scale":0.7634799339702696,"matrix":[[0.7632406174167397,0.019114641000063513,-33.40125183029498],[-0.019114641000063513,0.7632406174167397,51.58051790654154],[0,0,1]]},"document_type":{"classification":"B","confidence":0.9999957084655762},"delivery_tag":"Aarhus_kasse7_omegn"},{"image_id":"DSC_0016.JPG","processed":true,"shape":{"width":4000,"height":6000},"regions":{"death_date":[[1330.0626205169256,2380.7035851927617],[1324.1243754137422,2611.472846127695],[2770.0176543789457,2648.679138892839],[2775.9558994821296,2417.909877957906]],"birth_place":[[2542.4417912154536,1352.5297146821854],[2536.5370955196327,1581.9951944818931],[3709.9401172226835,1612.18966110825],[3715.8448129185044,1382.7241813085423]],"death_signs":[[1301.21477593699,3451.0743478056265],[1295.4303406148701,3827.9677441079166],[3651.3628519675513,3888.5915232121683],[3661.0586306953483,3511.7987751319665]],"residence":[[1337.9131818397784,2075.6187995499686],[1330.0626205169256,2380.7035851927617],[3688.6026941400582,2441.394463111739],[3696.453255462911,2136.3096774689457]],"death_location":[[1324.1243754137422,2611.472846127695],[1315.0035823630265,2915.2203012278997],[3674.8474371213842,2975.9447285542396],[3682.6644490368744,2672.163724046672]],"death_cause":[[1315.0035823630265,2915.2203012278997],[1309.8612315327127,3216.4608422797414],[3667.0975240206194,3277.118170791356],[3674.8474371213842,2975.9447285542396]],"occupation":[[1350.0962624643255,1551.46523378191],[1337.9131818397784,2075.6187995499686],[3696.453255462911,2136.3096774689457],[3709.9401172226835,1612.18966110825]],"disease_duration":[[1309.8612315327127,3216.4608422797414],[1301.21477593699,3451.0743478056265],[3661.0586306953483,3511.7987751319665],[3667.0975240206194,3277.118170791356]],"death_age":[[2775.9558994821296,2417.909877957906],[2770.0176543789457,2648.679138892839],[3682.6644490368744,2672.163724046672],[3688.6026941400582,2441.394463111739]],"name":[[1363.2904710616679,937.3172202759213],[1356.0009581601464,1321.9997539822023],[3715.8448129185044,1382.7241813085423],[3725.741888090477,998.1087464169866]],"birth_date":[[1356.0009581601464,1321.9997539822023],[1350.0962624643255,1551.46523378191],[2536.5370955196327,1581.9951944818931],[2542.4417912154536,1352.5297146821854]]},"transform":{"rotation":0.025726714719559483,"translation":[79.65756326129312,-82.02492294671066],"scale":1.3042127170460227,"matrix":[[1.3037811352256121,-0.03354940736261875,79.65756326129312],[0.03354940736261875,1.3037811352256121,-82.02492294671066],[0,0,1]]},"inverse_transform":{"rotation":-0.025726714719559483,"translation":[-59.43908033715509,64.44261739656346],"scale":0.766746088985354,"matrix":[[0.7664923622208838,0.019723681993630362,-59.43908033715509],[-0.019723681993630362,0.7664923622208838,64.44261739656346],[0,0,1]]},"document_type":{"classification":"B","confidence":0.9999500513076782},"delivery_tag":"Aarhus_kasse7_omegn"},{"image_id":"DSC_0020.JPG","processed":true,"shape":{"width":4000,"height":6000},"regions":{"death_date":[[1313.115068085865,2356.9494068463932],[1312.2008563862046,2588.650427543877],[2763.932110360835,2594.3784545208455],[2764.8463220604954,2362.6774338233618]],"birth_place":[[2507.231269860651,1298.6996307369839],[2506.322223198842,1529.0916061197927],[3684.4630064063867,1533.740140185863],[3685.372053068196,1303.3481648030543]],"death_signs":[[1307.5655266953636,3431.6704451567575],[1309.9999667003951,3810.0000362114006],[3675.4448503182102,3819.3332596084997],[3676.937546257204,3441.0191636674103]],"residence":[[1314.3236869430434,2050.6328032124316],[1313.115068085865,2356.9494068463932],[3681.17804233303,2366.2929603191947],[3682.3866611902085,2059.976356685233]],"death_location":[[1312.2008563862046,2588.650427543877],[1309.6883572522024,2893.652820825312],[3679.0603768140427,2903.001539335965],[3680.2638306333697,2597.9939810166784]],"death_cause":[[1309.6883572522024,2893.652820825312],[1311.113324137928,3196.052618590951],[3677.867253070418,3205.391007025901],[3679.0603768140427,2903.001539335965]],"occupation":[[1315.0909868445463,1524.3914216752105],[1314.3236869430434,2050.6328032124316],[3682.3866611902085,2059.976356685233],[3684.4630064063867,1533.740140185863]],"disease_duration":[[1311.113324137928,3196.052618590951],[1307.5655266953636,3431.6704451567575],[3676.937546257204,3441.0191636674103],[3677.867253070418,3205.391007025901]],"death_age":[[2764.8463220604954,2362.6774338233618],[2763.932110360835,2594.3784545208455],[3680.2638306333697,2597.9939810166784],[3681.17804233303,2366.2929603191947]],"name":[[1314.9056290431065,907.8207483875595],[1316.0000335063557,1293.9994462924017],[3685.372053068196,1303.3481648030543],[3686.895739234297,917.1797969739146]],"birth_date":[[1316.0000335063557,1293.9994462924017],[1315.0909868445463,1524.3914216752105],[2506.322223198842,1529.0916061197927],[2507.231269860651,1298.6996307369839]]},"transform":{"rotation":0.0039456319732677995,"translation":[4.528901724855911,-87.0032075093719],"scale":1.3090555043575134,"matrix":[[1.3090453146750496,-0.00516503785118928,4.528901724855911],[0.00516503785118928,1.3090453146750496,-87.0032075093719],[0,0,1]]},"inverse_transform":{"rotation":-0.0039456319732677995,"translation":[-3.197408139952514,66.47571422311059],"scale":0.7639095490384128,"matrix":[[0.7639036027697406,0.0030140981207705574,-3.197408139952514],[-0.0030140981207705574,0.7639036027697406,66.47571422311059],[0,0,1]]},"document_type":{"classification":"B","confidence":0.9997206330299376},"delivery_tag":"Aarhus_kasse7_omegn"},{"image_id":"DSC_0021.JPG","processed":true,"shape":{"width":4000,"height":6000},"regions":{"death_date":[[1331.882151603428,2361.1170687202793],[1326.5517009943023,2592.195742927572],[2774.383620180111,2625.593876970059],[2779.7140707892363,2394.515202762766]],"birth_place":[[2543.0620428409384,1328.402357688488],[2537.761707771978,1558.1755026629717],[3712.738017300587,1585.2794888110675],[3718.0383523695477,1355.506343836584]],"death_signs":[[1305.8517638955223,3432.926453316768],[1301.0649604863956,3810.3147482192267],[3660.1562841732816,3864.7335292965695],[3668.8596752808367,3487.435581014605]],"residence":[[1338.9291880019327,2055.623228242841],[1331.882151603428,2361.1170687202793],[3693.5845337559326,2415.5960808779514],[3700.6315701544377,2110.102240400513]],"death_location":[[1326.5517009943023,2592.195742927572],[1318.2292509031527,2896.3539386320363],[3681.237162288467,2950.863066329873],[3688.2540831468073,2646.674755085244]],"death_cause":[[1318.2292509031527,2896.3539386320363],[1313.8836195907604,3197.9914224913755],[3674.2804725104556,3252.440319108883],[3681.237162288467,2950.863066329873]],"occupation":[[1349.7301059152726,1530.7703611132306],[1338.9291880019327,2055.623228242841],[3700.6315701544377,2110.102240400513],[3712.738017300587,1585.2794888110675]],"disease_duration":[[1313.8836195907604,3197.9914224913755],[1305.8517638955223,3432.926453316768],[3668.8596752808367,3487.435581014605],[3674.2804725104556,3252.440319108883]],"death_age":[[2779.7140707892363,2394.515202762766],[2774.383620180111,2625.593876970059],[3688.2540831468073,2646.674755085244],[3693.5845337559326,2415.5960808779514]],"name":[[1361.3034668671569,915.8058613795959],[1355.0304409842336,1300.997216138747],[3718.0383523695477,1355.506343836584],[3726.9224367180905,970.3752201577618]],"birth_date":[[1355.0304409842336,1300.997216138747],[1349.7301059152726,1530.7703611132306],[2537.761707771978,1558.1755026629717],[2543.0620428409384,1328.402357688488]]},"transform":{"rotation":0.023063597073866904,"translation":[73.31946549075296,-101.4102409496449],"scale":1.3058765345467145,"matrix":[[1.305529232809566,-0.030115540164550723,73.31946549075296],[0.030115540164550723,1.305529232809566,-101.4102409496449],[0,0,1]]},"inverse_transform":{"rotation":-0.023063597073866904,"translation":[-54.33996744401909,78.93099275914626],"scale":0.7657691776712351,"matrix":[[0.7655655190874224,0.017659826037794608,-54.33996744401909],[-0.017659826037794608,0.7655655190874224,78.93099275914626],[0,0,1]]},"document_type":{"classification":"B","confidence":0.9998177886009216},"delivery_tag":"Aarhus_kasse7_omegn"},{"image_id":"DSC_0024.JPG","processed":true,"shape":{"width":4000,"height":6000},"regions":{"death_date":[[1322.2405263880453,2409.8889288841056],[1317.9430029708255,2641.246976661467],[2767.5253475193795,2668.173267450714],[2771.822870936599,2436.815219673352]],"birth_place":[[2530.1165401982375,1370.5878779859984],[2525.8432965743355,1600.638818148799],[3702.240149679564,1622.4906321346616],[3706.5133933034663,1392.4396919718613]],"death_signs":[[1300.9997084597132,3483.000000645669],[1297.904171034604,3860.826940633856],[3659.8476305469903,3904.7005271588046],[3666.8644908157844,3526.9464265505703]],"residence":[[1327.9219980243695,2104.025747076746],[1322.2405263880453,2409.8889288841056],[3686.7982011295544,2453.8110749956895],[3692.479672765879,2147.94789318833]],"death_location":[[1317.9430029708255,2641.246976661467],[1310.9787035132572,2945.7787710609477],[3676.843485869328,2989.725196965849],[3682.500677712335,2685.169122773051]],"death_cause":[[1310.9787035132572,2945.7787710609477],[1307.9842864860088,3247.7691896112583],[3671.2348536129566,3291.6670559295244],[3676.843485869328,2989.725196965849]],"occupation":[[1336.3753673234933,1578.5442062297598],[1327.9219980243695,2104.025747076746],[3692.479672765879,2147.94789318833],[3702.240149679564,1622.4906321346616]],"disease_duration":[[1307.9842864860088,3247.7691896112583],[1300.9997084597132,3483.000000645669],[3666.8644908157844,3526.9464265505703],[3671.2348536129566,3291.6670559295244]],"death_age":[[2771.822870936599,2436.815219673352],[2767.5253475193795,2668.173267450714],[3682.500677712335,2685.169122773051],[3686.7982011295544,2453.8110749956895]],"name":[[1345.1969347469721,962.8479601847215],[1340.6486109473954,1348.4932660669594],[3706.5133933034663,1392.4396919718613],[3713.6759323321658,1006.8429456762584]],"birth_date":[[1340.6486109473954,1348.4932660669594],[1336.3753673234933,1578.5442062297598],[2525.8432965743355,1600.638818148799],[2530.1165401982375,1370.5878779859984]]},"transform":{"rotation":0.018573070142879795,"translation":[51.21641347548619,-49.70230891456627],"scale":1.3073330961953993,"matrix":[[1.3071076145613651,-0.024279793317625236,51.21641347548619],[0.024279793317625236,1.3071076145613651,-49.70230891456627],[0,0,1]]},"inverse_transform":{"rotation":-0.018573070142879795,"translation":[-38.463425043503335,38.73911555622207],"scale":0.7649159980040282,"matrix":[[0.7647840694927478,0.014206021702449884,-38.463425043503335],[-0.014206021702449884,0.7647840694927478,38.73911555622207],[0,0,1]]},"document_type":{"classification":"B","confidence":0.9999020099639891},"delivery_tag":"Aarhus_kasse7_omegn"},{"image_id":"DSC_0026.JPG","processed":true,"shape":{"width":4000,"height":6000},"regions":{"death_date":[[1379.0600610703825,2328.562152000743],[1372.8698849710045,2559.142743603476],[2817.581049306773,2597.9275192769805],[2823.771225406151,2367.3469276742476]],"birth_place":[[2591.626054062357,1302.5476304917909],[2585.4708507093032,1531.8255068877288],[3757.9145368248946,1563.300978579482],[3764.0697401779485,1334.023102183544]],"death_signs":[[1349.0447211314438,3398.056364033197],[1342.8457430641438,3774.645977035954],[3696.8521217428934,3837.8417296437296],[3706.9592454305784,3461.3570348799453]],"residence":[[1387.2436837102384,2023.7267936106894],[1379.0600610703825,2328.562152000743],[3735.6718701627224,2391.827850101167],[3743.855492802578,2086.992491711113]],"death_location":[[1372.8698849710045,2559.142743603476],[1363.4185198706778,2862.64041404041],[3721.333044169812,2925.9410848871585],[3729.481694063344,2622.4084417039]],"death_cause":[[1363.4185198706778,2862.64041404041],[1357.9452458833846,3163.637572302727],[3713.254339768929,3226.868297656827],[3721.333044169812,2925.9410848871585]],"occupation":[[1400.0000125257598,1500.000307732734],[1387.2436837102384,2023.7267936106894],[3743.855492802578,2086.992491711113],[3757.9145368248946,1563.300978579482]],"disease_duration":[[1357.9452458833846,3163.637572302727],[1349.0447211314438,3398.056364033197],[3706.9592454305784,3461.3570348799453],[3713.254339768929,3226.868297656827]],"death_age":[[2823.771225406151,2367.3469276742476],[2817.581049306773,2597.9275192769805],[3729.481694063344,2622.4084417039],[3735.6718701627224,2391.827850101167]],"name":[[1413.866745630854,886.3514998395924],[1406.1552158788138,1270.722431336796],[3764.0697401779485,1334.023102183544],[3774.3867003435785,949.7221161789889]],"birth_date":[[1406.1552158788138,1270.722431336796],[1400.0000125257598,1500.000307732734],[2585.4708507093032,1531.8255068877288],[2591.626054062357,1302.5476304917909]]},"transform":{"rotation":0.026839594746255652,"translation":[132.3800742296442,-133.61383380697163],"scale":1.3031845621402443,"matrix":[[1.302715206795102,-0.03497274632417026,132.3800742296442],[0.03497274632417026,1.302715206795102,-133.61383380697163],[0,0,1]]},"inverse_transform":{"rotation":-0.026839594746255652,"translation":[-98.79390019610545,105.21787655654838],"scale":0.7673510176929056,"matrix":[[0.7670746483188217,0.020592917736298223,-98.79390019610545],[-0.020592917736298223,0.7670746483188217,105.21787655654838],[0,0,1]]},"document_type":{"classification":"B","confidence":0.9999467134475708},"delivery_tag":"Aarhus_kasse7_omegn"},{"image_id":"DSC_0032.JPG","processed":true,"shape":{"width":4000,"height":6000},"regions":{"death_date":[[1372.4461613298379,2395.335424895728],[1366.1390812088114,2626.578613810031],[2815.0017733328928,2666.0958559242595],[2821.3088534539193,2434.8526670099563]],"birth_place":[[2588.951290038173,1366.8815629273593],[2582.679843138169,1596.8182931472315],[3758.4926681261522,1628.8881920677052],[3764.764115026156,1398.951461847833]],"death_signs":[[1341.8848281757303,3467.9023798026324],[1335.5062033834495,3845.5758421562864],[3696.277064220433,3909.965072544393],[3706.5750650960076,3532.3985098538074]],"residence":[[1380.784335049161,2089.6240903988523],[1372.4461613298379,2395.335424895728],[3735.829939555684,2459.7959217258804],[3744.1681132750073,2154.0845872290047]],"death_location":[[1366.1390812088114,2626.578613810031],[1356.5300820160799,2930.947856391453],[3721.220318936357,2995.443986442628],[3729.5228594346577,2691.0391106401835]],"death_cause":[[1356.5300820160799,2930.947856391453],[1350.9117253486875,3232.811081247081],[3712.9890448801025,3297.2359448562106],[3721.220318936357,2995.443986442628]],"occupation":[[1393.8024312058749,1564.3920620165304],[1380.784335049161,2089.6240903988523],[3744.1681132750073,2154.0845872290047],[3758.4926681261522,1628.8881920677052]],"disease_duration":[[1350.9117253486875,3232.811081247081],[1341.8848281757303,3467.9023798026324],[3706.5750650960076,3532.3985098538074],[3712.9890448801025,3297.2359448562106]],"death_age":[[2821.3088534539193,2434.8526670099563],[2815.0017733328928,2666.0958559242595],[3729.5228594346577,2691.0391106401835],[3735.829939555684,2459.7959217258804]],"name":[[1407.9727609187273,948.9787504974405],[1400.0738781058787,1334.4553317966581],[3764.764115026156,1398.951461847833],[3775.275915227867,1013.5461469906608]],"birth_date":[[1400.0738781058787,1334.4553317966581],[1393.8024312058749,1564.3920620165304],[2582.679843138169,1596.8182931472315],[2588.951290038173,1366.8815629273593]]},"transform":{"rotation":0.027267903056651683,"translation":[123.22694680310836,-74.47977639930505],"scale":1.3069445461438105,"matrix":[[1.3064586944310925,-0.035633221022748546,123.22694680310836],[0.035633221022748546,1.3064586944310925,-74.47977639930505],[0,0,1]]},"inverse_transform":{"rotation":-0.027267903056651683,"translation":[-92.69749229346877,59.53719544445598],"scale":0.7651434048602429,"matrix":[[0.7648589656812256,0.020861270770767146,-92.69749229346877],[-0.020861270770767146,0.7648589656812257,59.53719544445598],[0,0,1]]},"document_type":{"classification":"B","confidence":0.9996553659439088},"delivery_tag":"Aarhus_kasse7_omegn"},{"image_id":"DSC_0031.JPG","processed":true,"shape":{"width":4000,"height":6000},"regions":{"death_date":[[1343.5075063624774,2389.7830318301235],[1340.2241764389432,2620.708082323803],[2787.093560605556,2641.2799065339696],[2790.3768905290904,2410.35485604029]],"birth_place":[[2544.5071379820506,1347.2599013195302],[2541.2423579450897,1576.8802905109853],[3715.4375299468493,1593.575188427261],[3718.70230998381,1363.954799235806]],"death_signs":[[1326.9733881832951,3460.891411069599],[1325.5264548701857,3837.9941770721075],[3683.0494279892746,3871.513822110675],[3688.4103452090562,3494.4667057678876]],"residence":[[1347.8481798207092,2084.492287109666],[1343.5075063624774,2389.7830318301235],[3703.6398020860147,2423.339776641838],[3707.9804755442465,2118.0490319213804]],"death_location":[[1340.2241764389432,2620.708082323803],[1334.5973915650611,2924.675615855462],[3696.0343485908224,2958.2509105537506],[3700.3564721624803,2654.2648271355174]],"death_cause":[[1334.5973915650611,2924.675615855462],[1332.9216903709987,3226.0894764423947],[3691.7493247923117,3259.6276713675356],[3696.0343485908224,2958.2509105537506]],"occupation":[[1354.0005729210884,1559.9998937289731],[1347.8481798207092,2084.492287109666],[3707.9804755442465,2118.0490319213804],[3715.4375299468493,1593.575188427261]],"disease_duration":[[1332.9216903709987,3226.0894764423947],[1326.9733881832951,3460.891411069599],[3688.4103452090562,3494.4667057678876],[3691.7493247923117,3259.6276713675356]],"death_age":[[2790.3768905290904,2410.35485604029],[2787.093560605556,2641.2799065339696],[3700.3564721624803,2654.2648271355174],[3703.6398020860147,2423.339776641838]],"name":[[1360.1282468928243,945.4673206082384],[1357.2653529580489,1330.379504537518],[3718.70230998381,1363.954799235806],[3724.174526523034,979.0797150796736]],"birth_date":[[1357.2653529580489,1330.379504537518],[1354.0005729210884,1559.9998937289731],[2541.2423579450897,1576.8802905109853],[2544.5071379820506,1347.2599013195302]]},"transform":{"rotation":0.014217204651048844,"translation":[64.27201370942211,-59.480709993174024],"scale":1.3047931682121812,"matrix":[[1.3046613022241773,-0.0185498865736398,64.27201370942211],[0.0185498865736398,1.3046613022241773,-59.480709993174024],[0,0,1]]},"inverse_transform":{"rotation":-0.014217204651048844,"translation":[-48.605325969840074,46.28199914709663],"scale":0.7664049938046452,"matrix":[[0.7663275388070401,0.0108957695755159,-48.605325969840074],[-0.0108957695755159,0.7663275388070401,46.28199914709663],[0,0,1]]},"document_type":{"classification":"B","confidence":0.9998542070388794},"delivery_tag":"Aarhus_kasse7_omegn"},{"image_id":"DSC_0034.JPG","processed":true,"shape":{"width":4000,"height":6000},"regions":{"death_date":[[1327.1186986028454,2358.602237163226],[1319.5834833020187,2588.6206333527716],[2760.7721916308656,2635.832801537048],[2768.3074069316926,2405.8144053475025]],"birth_place":[[2542.967946967637,1342.074401019388],[2535.4753035046683,1570.7932582474107],[3705.060368875238,1609.1079123194113],[3712.553012338207,1380.3890550913886]],"death_signs":[[1290.8676807600864,3425.481152735633],[1282.4630365037572,3801.1756281293115],[3630.729939975557,3878.1029391383167],[3643.033201116455,3502.536179258211]],"residence":[[1337.0805086615655,2054.510120166878],[1327.1186986028454,2358.602237163226],[3677.9846799976913,2435.614691847947],[3687.946490056411,2131.522574851599]],"death_location":[[1319.5834833020187,2588.6206333527716],[1308.3647061196332,2891.3706395497393],[3660.530226476002,2968.4256660723177],[3670.449464696864,2665.6330880374926]],"death_cause":[[1308.3647061196332,2891.3706395497393],[1301.1296894975324,3191.6492833372345],[3650.6961319308552,3268.6191661840976],[3660.530226476002,2968.4256660723177]],"occupation":[[1352.8948485188694,1532.0528857968325],[1337.0805086615655,2054.510120166878],[3687.946490056411,2131.522574851599],[3705.060368875238,1609.1079123194113]],"disease_duration":[[1301.1296894975324,3191.6492833372345],[1290.8676807600864,3425.481152735633],[3643.033201116455,3502.536179258211],[3650.6961319308552,3268.6191661840976]],"death_age":[[2768.3074069316926,2405.8144053475025],[2760.7721916308656,2635.832801537048],[3670.449464696864,2665.6330880374926],[3677.9846799976913,2435.614691847947]],"name":[[1370.3471062268375,919.8848912438522],[1360.3874919818384,1303.3340285688098],[3712.553012338207,1380.3890550913886],[3725.1117045062515,997.0250614421465]],"birth_date":[[1360.3874919818384,1303.3340285688098],[1352.8948485188694,1532.0528857968325],[2535.4753035046683,1570.7932582474107],[2542.967946967637,1342.074401019388]]},"transform":{"rotation":0.03274747434147032,"translation":[97.79429827837093,-105.30868887663603],"scale":1.3002360839072613,"matrix":[[1.2995389615228554,-0.042571837857778294,97.79429827837093],[0.042571837857778294,1.2995389615228554,-105.30868887663603],[0,0,1]]},"inverse_transform":{"rotation":-0.03274747434147032,"translation":[-72.52059047476548,83.41113803056354],"scale":0.7690910999754446,"matrix":[[0.7686787513042486,0.025181289775949845,-72.52059047476548],[-0.025181289775949845,0.7686787513042487,83.41113803056354],[0,0,1]]},"document_type":{"classification":"B","confidence":0.999983549118042},"delivery_tag":"Aarhus_kasse7_omegn"},{"image_id":"DSC_0033.JPG","processed":true,"shape":{"width":4000,"height":6000},"regions":{"death_date":[[1336.9313001836856,2407.17023814195],[1331.8369689770811,2637.6062458956235],[2775.6422378969905,2669.5249651505637],[2780.736569103595,2439.0889573968902]],"birth_place":[[2543.727503504884,1376.1911916494114],[2538.6619538305204,1605.3253010541941],[3710.37046783225,1631.2286800708275],[3715.436017506614,1402.0945706660448]],"death_signs":[[1311.999763865177,3476.000001049065],[1307.5875960942863,3852.3349684752316],[3660.1179125399813,3904.3431972341828],[3668.435775357545,3528.0945744047385]],"residence":[[1343.6661787280102,2102.5260245015],[1336.9313001836856,2407.17023814195],[3692.065413327163,2459.236029965383],[3698.8002918714874,2154.591816324933]],"death_location":[[1331.8369689770811,2637.6062458956235],[1323.8289736161064,2940.9197796549415],[3680.264985108474,2993.014353010615],[3686.971082120558,2689.6720377190563]],"death_cause":[[1323.8289736161064,2940.9197796549415],[1319.7842363662853,3241.7158613132005],[3673.6164511608713,3293.7528716043926],[3680.264985108474,2993.014353010615]],"occupation":[[1353.9344563398824,1579.1341067151538],[1343.6661787280102,2102.5260245015],[3698.8002918714874,2154.591816324933],[3710.37046783225,1631.2286800708275]],"disease_duration":[[1319.7842363662853,3241.7158613132005],[1311.999763865177,3476.000001049065],[3668.435775357545,3528.0945744047385],[3673.6164511608713,3293.7528716043926]],"death_age":[[2780.736569103595,2439.0889573968902],[2775.6422378969905,2669.5249651505637],[3686.971082120558,2689.6720377190563],[3692.065413327163,2459.236029965383]],"name":[[1364.8867613274722,965.8824213231003],[1359.0000060142463,1349.999997310371],[3715.436017506614,1402.0945706660448],[3723.9265695176214,1018.0345577432553]],"birth_date":[[1359.0000060142463,1349.999997310371],[1353.9344563398824,1579.1341067151538],[2538.6619538305204,1605.3253010541941],[2543.727503504884,1376.1911916494114]]},"transform":{"rotation":0.0221037570174826,"translation":[79.53965741506998,-47.24938880801921],"scale":1.3022164518399935,"matrix":[[1.301898348890811,-0.028781532240703678,79.53965741506998],[0.028781532240703678,1.301898348890811,-47.24938880801921],[0,0,1]]},"inverse_transform":{"rotation":-0.022103757017482604,"translation":[-60.26334834036006,37.62495002236022],"scale":0.7679214915362413,"matrix":[[0.7677339051400986,0.016972567913537087,-60.26334834036006],[-0.01697256791353709,0.7677339051400988,37.62495002236022],[0,0,1]]},"document_type":{"classification":"B","confidence":0.9999319314956664},"delivery_tag":"Aarhus_kasse7_omegn"},{"image_id":"DSC_0035.JPG","processed":true,"shape":{"width":4000,"height":6000},"regions":{"death_date":[[1447.509279081068,2449.7083685986495],[1441.4288280628411,2681.7573711939567],[2895.3403753972793,2719.854660342055],[2901.420826415506,2487.805657746748]],"birth_place":[[2667.1130620524477,1416.3939045770608],[2661.0669638648324,1647.13189585827],[3840.9771465528343,1678.0494434085751],[3847.0232447404496,1447.311452127366]],"death_signs":[[1417.9945938349692,3526.0143046423154],[1411.9996597305535,3904.999632908408],[3780.997104305242,3967.075197823299],[3790.9250723519513,3588.1929280490403]],"residence":[[1455.5478414441473,2142.9317210997688],[1447.509279081068,2449.7083685986495],[3819.128746283952,2511.852639174763],[3827.1673086470314,2205.0759916758825]],"death_location":[[1441.4288280628411,2681.7573711939567],[1432.1136072162753,2987.188654548128],[3805.0440857332574,3049.367277954853],[3813.0482952657253,2743.9016417700705]],"death_cause":[[1432.1136072162753,2987.188654548128],[1426.800125973226,3290.100973765938],[3797.108581862012,3352.21089151144],[3805.0440857332574,3049.367277954853]],"occupation":[[1468.0466680358525,1615.87082000185],[1455.5478414441473,2142.9317210997688],[3827.1673086470314,2205.0759916758825],[3840.9771465528343,1678.0494434085751]],"disease_duration":[[1426.800125973226,3290.100973765938],[1417.9945938349692,3526.0143046423154],[3790.9250723519513,3588.1929280490403],[3797.108581862012,3352.21089151144]],"death_age":[[2901.420826415506,2487.805657746748],[2895.3403753972793,2719.854660342055],[3813.0482952657253,2743.9016417700705],[3819.128746283952,2511.852639174763]],"name":[[1481.60482862565,998.3157854005727],[1474.0927662234676,1385.1328287206409],[3847.0232447404496,1447.311452127366],[3857.1573297708273,1060.5631144685208]],"birth_date":[[1474.0927662234676,1385.1328287206409],[1468.0466680358525,1615.87082000185],[2661.0669638648324,1647.13189585827],[2667.1130620524477,1416.3939045770608]]},"transform":{"rotation":0.02619731127419613,"translation":[191.3202092137353,-27.299009991245004],"scale":1.3114613157327237,"matrix":[[1.31101131409778,-0.03435283061145031,191.3202092137353],[0.03435283061145031,1.31101131409778,-27.299009991245004],[0,0,1]]},"inverse_transform":{"rotation":-0.026197311274196132,"translation":[-145.2879169019296,24.629887509925144],"scale":0.7625081944878352,"matrix":[[0.7622465551012508,0.019973379718370453,-145.2879169019296],[-0.019973379718370456,0.7622465551012508,24.629887509925144],[0,0,1]]},"document_type":{"classification":"B","confidence":0.9998443126678468},"delivery_tag":"Aarhus_kasse7_omegn"},{"image_id":"DSC_0036.JPG","processed":true,"shape":{"width":4000,"height":6000},"regions":{"death_date":[[1372.8327797336547,2401.2544286289226],[1370.2034547448284,2632.30603403664],[2817.8657733728433,2648.780166311264],[2820.4950983616695,2417.7285609035466]],"birth_place":[[2571.4820520870003,1354.792015203932],[2568.867582041614,1584.5382443099109],[3743.7062536062786,1597.907693405638],[3746.320723651665,1368.1614642996592]],"death_signs":[[1359.3314948679251,3472.953517412805],[1358.9545451190681,3850.2518334455553],[3717.7695223605674,3877.094716241088],[3722.0626010146398,3499.8409650386566]],"residence":[[1376.3088364985438,2095.79637402211],[1372.8327797336547,2401.2544286289226],[3734.258509578631,2428.1270213113344],[3737.7345663435203,2122.6689667045216]],"death_location":[[1370.2034547448284,2632.30603403664],[1365.4368766216405,2936.4438573982748],[3728.167982768355,2963.3313050241263],[3731.629184589805,2659.178626719052]],"death_cause":[[1365.4368766216405,2936.4438573982748],[1364.6161372905476,3238.0154929867517],[3724.7364908337854,3264.8732307257237],[3728.167982768355,2963.3313050241263]],"occupation":[[1380.9751474595635,1571.0202457797866],[1376.3088364985438,2095.79637402211],[3737.7345663435203,2122.6689667045216],[3743.7062536062786,1597.907693405638]],"disease_duration":[[1364.6161372905476,3238.0154929867517],[1359.3314948679251,3472.953517412805],[3722.0626010146398,3499.8409650386566],[3724.7364908337854,3264.8732307257237]],"death_age":[[2820.4950983616695,2417.7285609035466],[2817.8657733728433,2648.780166311264],[3731.629184589805,2659.178626719052],[3734.258509578631,2428.1270213113344]],"name":[[1385.361073216184,956.1582977740658],[1383.5896175049502,1341.2740166738076],[3746.320723651665,1368.1614642996592],[3750.7029319663757,983.0754552867965]],"birth_date":[[1383.5896175049502,1341.2740166738076],[1380.9751474595635,1571.0202457797866],[2568.867582041614,1584.5382443099109],[2571.4820520870003,1354.792015203932]]},"transform":{"rotation":0.011379325815994608,"translation":[85.99360351112404,-45.62054955370839],"scale":1.305460822271248,"matrix":[[1.3053763017385165,-0.014854943439696936,85.99360351112404],[0.014854943439696936,1.3053763017385165,-45.62054955370839],[0,0,1]]},"inverse_transform":{"rotation":-0.011379325815994608,"translation":[-65.47030336269722,35.69323814526721],"scale":0.7660130299890535,"matrix":[[0.7659634353721417,0.008716523728962524,-65.47030336269722],[-0.008716523728962524,0.7659634353721416,35.69323814526721],[0,0,1]]},"document_type":{"classification":"B","confidence":0.9997941851615906},"delivery_tag":"Aarhus_kasse7_omegn"},{"image_id":"DSC_0038.JPG","processed":true,"shape":{"width":4000,"height":6000},"regions":{"death_date":[[1335.5695000835317,2377.760556450751],[1332.8606705867287,2608.4019199527],[2777.9526034887695,2625.374190641708],[2780.661432985572,2394.732827139759]],"birth_place":[[2532.47666943198,1333.5884595525104],[2529.783144056628,1562.9267645036007],[3702.5358398292487,1576.700473809378],[3705.229365204601,1347.3621688582878]],"death_signs":[[1321.7017578215139,3447.556322584102],[1321.1880423747896,3824.186156146552],[3675.8148437760406,3851.840703608263],[3680.2377348753403,3475.2567824101657]],"residence":[[1339.1506645030338,2072.84485554987],[1335.5695000835317,2377.760556450751],[3692.8024185864992,2405.4457121553637],[3696.3835830060016,2100.5300112544824]],"death_location":[[1332.8606705867287,2608.4019199527],[1327.9917517378187,2911.9992581812717],[3686.527728791645,2939.6997180073354],[3690.0935890896967,2636.0870756573127]],"death_cause":[[1327.9917517378187,2911.9992581812717],[1327.0626167843864,3213.03639167248],[3682.9924767364955,3240.7062432556418],[3686.527728791645,2939.6997180073354]],"occupation":[[1343.9998627754223,1549.0000139833146],[1339.1506645030338,2072.84485554987],[3696.3835830060016,2100.5300112544824],[3702.5358398292487,1576.700473809378]],"disease_duration":[[1327.0626167843864,3213.03639167248],[1321.7017578215139,3447.556322584102],[3680.2377348753403,3475.2567824101657],[3682.9924767364955,3240.7062432556418]],"death_age":[[2780.661432985572,2394.732827139759],[2777.9526034887695,2625.374190641708],[3690.0935890896967,2636.0870756573127],[3692.8024185864992,2405.4457121553637]],"name":[[1348.6019868770625,935.2288282860744],[1346.6933881507746,1319.6617090322243],[3705.229365204601,1347.3621688582878],[3709.7440810326057,962.9598963550399]],"birth_date":[[1346.6933881507746,1319.6617090322243],[1343.9998627754223,1549.0000139833146],[2529.783144056628,1562.9267645036007],[2532.47666943198,1333.5884595525104]]},"transform":{"rotation":0.011744228851096454,"translation":[51.90111763201384,-65.2487740995945],"scale":1.3031484194437535,"matrix":[[1.3030585508584678,-0.015304121450863878,51.90111763201384],[0.015304121450863878,1.3030585508584678,-65.2487740995945],[0,0,1]]},"inverse_transform":{"rotation":-0.011744228851096453,"translation":[-39.23671218865444,50.53438117947971],"scale":0.7673723000998214,"matrix":[[0.7673193800624961,0.009011988737069042,-39.23671218865444],[-0.009011988737069042,0.7673193800624961,50.53438117947971],[0,0,1]]},"document_type":{"classification":"B","confidence":0.9994636178016664},"delivery_tag":"Aarhus_kasse7_omegn"},{"image_id":"DSC_0044.JPG","processed":true,"shape":{"width":4000,"height":6000},"regions":{"death_date":[[1331.59772873003,2410.2317584763514],[1327.2281436489984,2640.166867379588],[2767.8950124269036,2667.544663169781],[2772.2645975079354,2437.6095542665444]],"birth_place":[[2532.496695277147,1377.8286195454461],[2528.151797117477,1606.4646600368],[3697.3133678119,1628.682889262385],[3701.65826597157,1400.0468487710311]],"death_signs"