[{"image_id":"DSC_0006.JPG","processed":true,"shape":{"width":4000,"height":6000},"regions":{"death_date":[[1400.1356890206666,2442.112923265677],[1395.714201732107,2671.549148644077],[2833.2552974645682,2699.2521396215493],[2837.676784753128,2469.8159142431496]],"birth_place":[[2598.7106977623394,1412.2649963619476],[2594.3141906279525,1640.4049718794527],[3760.939065433376,1662.8871106348408],[3765.335572567763,1434.7471351173358]],"death_signs":[[1378.3307325840233,3506.30907890623],[1375.0002176108112,3881.000229167378],[3717.323716247923,3926.139367757363],[3724.54298080382,3551.5231579587326]],"residence":[[1405.9810450970676,2138.790455816267],[1400.1356890206666,2442.112923265677],[3745.051687379568,2487.302022164007],[3750.897043455969,2183.979554714597]],"death_location":[[1395.714201732107,2671.549148644077],[1388.5975759489838,2973.5503860784197],[3734.8098241687803,3018.7644651309224],[3740.6302000910086,2716.738247542407]],"death_cause":[[1388.5975759489838,2973.5503860784197],[1385.4196600568907,3273.03406425349],[3729.0394085548974,3318.1981829976476],[3734.8098241687803,3018.7644651309224]],"occupation":[[1414.7268172135794,1617.6730315823381],[1405.9810450970676,2138.790455816267],[3750.897043455969,2183.979554714597],[3760.939065433376,1662.8871106348408]],"disease_duration":[[1385.4196600568907,3273.03406425349],[1378.3307325840233,3506.30907890623],[3724.54298080382,3551.5231579587326],[3729.0394085548974,3318.1981829976476]],"death_age":[[2837.676784753128,2469.8159142431496],[2833.2552974645682,2699.2521396215493],[3740.6302000910086,2716.738247542407],[3745.051687379568,2487.302022164007]],"name":[[1423.8999701071093,1007.0893867924879],[1419.1233243479664,1389.533056064833],[3765.335572567763,1434.7471351173358],[3772.7047180486957,1052.3534261533357]],"birth_date":[[1419.1233243479664,1389.533056064833],[1414.7268172135794,1617.6730315823381],[2594.3141906279525,1640.4049718794527],[2598.7106977623394,1412.2649963619476]]},"transform":{"rotation":0.019268709898656925,"translation":[141.3501063231406,2.0444171665879667],"scale":1.2964905360135015,"matrix":[[1.2962498608949151,-0.024980154172653445,141.3501063231406],[0.024980154172653445,1.2962498608949151,2.0444171665879667],[0,0,1]]},"inverse_transform":{"rotation":-0.019268709898656925,"translation":[-109.0353177237861,0.5240516515446184],"scale":0.7713129962944721,"matrix":[[0.7711698129532183,0.014861286702525177,-109.0353177237861],[-0.014861286702525175,0.7711698129532183,0.5240516515446184],[0,0,1]]},"document_type":{"classification":"B","confidence":0.9999871253967284},"delivery_tag":"Aarhus_kasse4_omegn"},{"image_id":"DSC_0008.JPG","processed":true,"shape":{"width":4000,"height":6000},"regions":{"death_date":[[1405.5426449247982,2433.74574721481],[1401.718166933778,2663.268387038579],[2839.8006955471137,2687.2307943382466],[2843.625173538134,2457.7081545144774]],"birth_place":[[2601.822620792113,1400.4353910393088],[2598.0197500213812,1628.6612927849778],[3765.0840203117345,1648.1077910444014],[3768.8868910824663,1419.8818892987324]],"death_signs":[[1386.5063789900457,3498.3461021149437],[1384.1521065610432,3873.1682283468217],[3727.3578136884526,3912.2124754076867],[3733.6023003517566,3537.4551708366735]],"residence":[[1410.5987344722482,2130.309036939318],[1405.5426449247982,2433.74574721481],[3751.3418282084085,2472.833208716251],[3756.3979177558585,2169.3964984407594]],"death_location":[[1401.718166933778,2663.268387038579],[1395.3869465285159,2965.3867520156823],[3742.4828678902268,3004.495820737412],[3747.5173502173884,2702.3558485400204]],"death_cause":[[1395.3869465285159,2965.3867520156823],[1392.9891547981313,3264.9764624974496],[3737.491600003641,3304.0423167786025],[3742.4828678902268,3004.495820737412]],"occupation":[[1417.9880989500236,1608.9987223226717],[1410.5987344722482,2130.309036939318],[3756.3979177558585,2169.3964984407594],[3765.0840203117345,1648.1077910444014]],"disease_duration":[[1392.9891547981313,3264.9764624974496],[1386.5063789900457,3498.3461021149437],[3733.6023003517566,3537.4551708366735],[3737.491600003641,3304.0423167786025]],"death_age":[[2843.625173538134,2457.7081545144774],[2839.8006955471137,2687.2307943382466],[3747.5173502173884,2702.3558485400204],[3751.3418282084085,2472.833208716251]],"name":[[1425.5716235495877,998.1918730968104],[1421.7909697207554,1380.7728205770027],[3768.8868910824663,1419.8818892987324],[3775.2610210674993,1037.3441562591165]],"birth_date":[[1421.7909697207554,1380.7728205770027],[1417.9880989500236,1608.9987223226717],[2598.0197500213812,1628.6612927849778],[2601.822620792113,1400.4353910393088]]},"transform":{"rotation":0.016661206498242695,"translation":[139.9816516747094,-3.835763116487697],"scale":1.2969180834440102,"matrix":[[1.2967380781003925,-0.021607220288248342,139.9816516747094],[0.021607220288248342,1.2967380781003925,-3.835763116487697],[0,0,1]]},"inverse_transform":{"rotation":-0.01666120649824269,"translation":[-107.86981789058584,4.755416794065493],"scale":0.771058722031592,"matrix":[[0.7709517031751348,0.012846174230117524,-107.86981789058584],[-0.012846174230117522,0.7709517031751348,4.755416794065493],[0,0,1]]},"document_type":{"classification":"B","confidence":0.9999837875366212},"delivery_tag":"Aarhus_kasse4_omegn"},{"image_id":"DSC_0007.JPG","processed":true,"shape":{"width":4000,"height":6000},"regions":{"death_date":[[1393.8459010573567,2418.2704573324763],[1390.5234998715343,2648.0298755960603],[2830.089572494779,2668.8465022349133],[2833.411973680601,2439.0870839713293]],"birth_place":[[2589.0385618736577,1381.295401105824],[2585.734931316004,1609.756743560009],[3754.0031597749035,1626.650308911648],[3757.3067903325573,1398.188966457463]],"death_signs":[[1377.1371395216297,3483.971926220705],[1375.606655409133,3859.172147021457],[3721.229642992724,3893.0906721219144],[3726.654354533417,3517.9467632056676]],"residence":[[1398.2382280487827,2114.5207179331624],[1393.8459010573567,2418.2704573324763],[3742.0650402597453,2452.226523689271],[3746.4573672511715,2148.476784289957]],"death_location":[[1390.5234998715343,2648.0298755960603],[1384.851867698878,2950.462768557807],[3734.3690827106657,2984.4376055427697],[3738.7426390739233,2681.985941952855]],"death_cause":[[1384.851867698878,2950.462768557807],[1383.112004210755,3250.3558217852615],[3730.0330676037447,3284.2931175138874],[3734.3690827106657,2984.4376055427697]],"occupation":[[1404.4859447631163,1592.6754719266853],[1398.2382280487827,2114.5207179331624],[3746.4573672511715,2148.476784289957],[3754.0031597749035,1626.650308911648]],"disease_duration":[[1383.112004210755,3250.3558217852615],[1377.1371395216297,3483.971926220705],[3726.654354533417,3517.9467632056676],[3730.0330676037447,3284.2931175138874]],"death_age":[[2833.411973680601,2439.0870839713293],[2830.089572494779,2668.8465022349133],[3738.7426390739233,2681.985941952855],[3742.0650402597453,2452.226523689271]],"name":[[1410.7307590116764,981.2442244435242],[1407.7895753207702,1364.2141294725004],[3757.3067903325573,1398.188966457463],[3762.844125642261,1015.2566026848237]],"birth_date":[[1407.7895753207702,1364.2141294725004],[1404.4859447631163,1592.6754719266853],[2585.734931316004,1609.756743560009],[2589.0385618736577,1381.295401105824]]},"transform":{"rotation":0.014459340412537791,"translation":[121.6532412706802,-18.946798143113213],"scale":1.2982115172144064,"matrix":[[1.2980758093987776,-0.01877062816848761,121.6532412706802],[0.01877062816848761,1.2980758093987776,-18.946798143113213],[0,0,1]]},"inverse_transform":{"rotation":-0.014459340412537791,"translation":[-93.48752036917777,15.947926520520562],"scale":0.7702905010007276,"matrix":[[0.7702099791135741,0.011137504470016761,-93.48752036917777],[-0.011137504470016761,0.7702099791135743,15.947926520520562],[0,0,1]]},"document_type":{"classification":"B","confidence":0.9999747276306152},"delivery_tag":"Aarhus_kasse4_omegn"},{"image_id":"DSC_0010.JPG","processed":true,"shape":{"width":4000,"height":6000},"regions":{"death_date":[[1401.0795965955476,2391.8829194292352],[1396.9978432166176,2621.125935292445],[2833.3283776363874,2646.7003109830307],[2837.410131015318,2417.457295119821]],"birth_place":[[2597.1038065579705,1361.1766196581707],[2593.0451139325933,1589.1244772396672],[3758.687567474336,1609.8791554376176],[3762.7462600997133,1381.931297856121]],"death_signs":[[1380.8515596465932,3455.1848079620945],[1378.072476714835,3829.5547336378254],[3718.423491770312,3871.2255153085994],[3725.0880495472093,3496.9247718935285]],"residence":[[1406.4758129270149,2088.815881508382],[1401.0795965955476,2391.8829194292352],[3744.020928214451,2433.599822607116],[3749.4171445459183,2130.532784686263]],"death_location":[[1396.9978432166176,2621.125935292445],[1390.3295293569904,2922.8747541780317],[3734.566019257607,2964.6147181094657],[3739.9391748355206,2662.8428384703257]],"death_cause":[[1390.3295293569904,2922.8747541780317],[1387.5928118496095,3222.1024387608522],[3729.2389851867997,3263.79628118518],[3734.566019257607,2964.6147181094657]],"occupation":[[1414.4510775737199,1568.1391915061838],[1406.4758129270149,2088.815881508382],[3749.4171445459183,2130.532784686263],[3758.687567474336,1609.8791554376176]],"disease_duration":[[1387.5928118496095,3222.1024387608522],[1380.8515596465932,3455.1848079620945],[3725.0880495472093,3496.9247718935285],[3729.2389851867997,3263.79628118518]],"death_age":[[2837.410131015318,2417.457295119821],[2833.3283776363874,2646.7003109830307],[3739.9391748355206,2662.8428384703257],[3744.020928214451,2433.599822607116]],"name":[[1422.722375933888,958.0735193122316],[1418.5097701990967,1340.1913339246873],[3762.7462600997133,1381.931297856121],[3769.54918239793,999.859604750772]],"birth_date":[[1418.5097701990967,1340.1913339246873],[1414.4510775737199,1568.1391915061838],[2593.0451139325933,1589.1244772396672],[2597.1038065579705,1361.1766196581707]]},"transform":{"rotation":0.017803474180333158,"translation":[139.81739078026624,-44.21913823032404],"scale":1.2953635679006645,"matrix":[[1.2951582817130478,-0.0230607535532784,139.81739078026624],[0.0230607535532784,1.2951582817130478,-44.21913823032404],[0,0,1]]},"inverse_transform":{"rotation":-0.017803474180333158,"translation":[-107.31197294259255,36.05260750825715],"scale":0.7719840396782607,"matrix":[[0.7718616974537813,0.013743271871491958,-107.31197294259255],[-0.013743271871491956,0.7718616974537814,36.05260750825715],[0,0,1]]},"document_type":{"classification":"B","confidence":0.9999903440475464},"delivery_tag":"Aarhus_kasse4_omegn"},{"image_id":"DSC_0011.JPG","processed":true,"shape":{"width":4000,"height":6000},"regions":{"death_date":[[1418.2072951445339,2430.99594744297],[1414.0450383730056,2660.109338761894],[2849.5634054503316,2686.188111415143],[2853.72566222186,2457.074720096219]],"birth_place":[[2613.9351211749467,1401.2977421003325],[2609.796379978399,1629.1167074796015],[3774.7797256678427,1650.2807249619495],[3778.9184668643907,1422.4617595826805]],"death_signs":[[1397.6065821459817,3493.6961283246933],[1394.6938587956147,3867.8557716099117],[3733.7215317520872,3910.3484155994706],[3740.517532921419,3536.2593190391935]],"residence":[[1423.7099396899443,2128.100277563715],[1418.2072951445339,2430.99594744297],[3759.823819980317,2473.53562258249],[3765.3264645257273,2170.6399527032345]],"death_location":[[1414.0450383730056,2660.109338761894],[1407.2714834629207,2961.687067126514],[3750.182434238358,3004.2502578410144],[3755.6615632087883,2702.6490139014136]],"death_cause":[[1407.2714834629207,2961.687067126514],[1404.428237521761,3260.746490336766],[3744.750336417889,3303.262649901305],[3750.182434238358,3004.2502578410144]],"occupation":[[1431.868774892405,1607.7175342474495],[1423.7099396899443,2128.100277563715],[3765.3264645257273,2170.6399527032345],[3774.7797256678427,1650.2807249619495]],"disease_duration":[[1404.428237521761,3260.746490336766],[1397.6065821459817,3493.6961283246933],[3740.517532921419,3536.2593190391935],[3744.750336417889,3303.262649901305]],"death_age":[[2853.72566222186,2457.074720096219],[2849.5634054503316,2686.188111415143],[3755.6615632087883,2702.6490139014136],[3759.823819980317,2473.53562258249]],"name":[[1440.3557588288575,997.9958855200128],[1436.0075160889533,1379.8985688681805],[3778.9184668643907,1422.4617595826805],[3785.8555614836046,1040.6061073844737]],"birth_date":[[1436.0075160889533,1379.8985688681805],[1431.868774892405,1607.7175342474495],[2609.796379978399,1629.1167074796015],[2613.9351211749467,1401.2977421003325]]},"transform":{"rotation":0.01816480016641652,"translation":[158.5298901004721,-4.199762139428296],"scale":1.2946395233879688,"matrix":[[1.2944259396549378,-0.023515574980386714,158.5298901004721],[0.023515574980386714,1.2944259396549378,-4.199762139428296],[0,0,1]]},"inverse_transform":{"rotation":-0.01816480016641652,"translation":[-122.37186495107876,5.467602810139767],"scale":0.7724157821036388,"matrix":[[0.7722883524653391,0.014030006740840833,-122.37186495107876],[-0.014030006740840834,0.7722883524653392,5.467602810139767],[0,0,1]]},"document_type":{"classification":"B","confidence":0.9999756813049316},"delivery_tag":"Aarhus_kasse4_omegn"},{"image_id":"DSC_0016.JPG","processed":true,"shape":{"width":4000,"height":6000},"regions":{"death_date":[[1430.8924690060392,2433.9951120464752],[1425.4585018672522,2662.7844977903897],[2858.9468001158466,2696.8312184509255],[2864.3807672546336,2468.041832707011]],"birth_place":[[2630.790395321934,1412.3142923012706],[2625.3871285624627,1639.811082645502],[3788.7229882772826,1667.441424029165],[3794.1262550367537,1439.9446336849337]],"death_signs":[[1404.3948621885922,3495.1852348070124],[1399.4002387655544,3868.8374064533837],[3735.1201259929758,3924.312991875916],[3743.9925356150634,3550.75292136749]],"residence":[[1438.0763577657915,2131.527788520622],[1430.8924690060392,2433.9951120464752],[3769.197547032827,2489.532098227638],[3776.3814357925794,2187.0647747017847]],"death_location":[[1425.4585018672522,2662.7844977903897],[1417.0127180871316,2963.9285255372447],[3756.6103915136027,3019.4962120977225],[3763.76357989404,2718.3214839715524]],"death_cause":[[1417.0127180871316,2963.9285255372447],[1412.506121264691,3262.5794636226788],[3749.5186038917955,3318.085749424526],[3756.6103915136027,3019.4962120977225]],"occupation":[[1449.125314850811,1611.8737374686873],[1438.0763577657915,2131.527788520622],[3776.3814357925794,2187.0647747017847],[3788.7229882772826,1667.441424029165]],"disease_duration":[[1412.506121264691,3262.5794636226788],[1404.3948621885922,3495.1852348070124],[3743.9925356150634,3550.75292136749],[3749.5186038917955,3318.085749424526]],"death_age":[[2864.3807672546336,2468.041832707011],[2858.9468001158466,2696.8312184509255],[3763.76357989404,2718.3214839715524],[3769.197547032827,2489.532098227638]],"name":[[1461.0000027088952,1002.9999034593012],[1454.528581610283,1384.376947124456],[3794.1262550367537,1439.9446336849337],[3803.1828669347324,1058.6289907784094]],"birth_date":[[1454.528581610283,1384.376947124456],[1449.125314850811,1611.8737374686873],[2625.3871285624627,1639.811082645502],[2630.790395321934,1412.3142923012706]]},"transform":{"rotation":0.023746493681715705,"translation":[186.44370818930634,-5.025399533589294],"scale":1.2929599299947756,"matrix":[[1.2925953996831332,-0.03070037931518111,186.44370818930634],[0.03070037931518111,1.2925953996831332,-5.025399533589294],[0,0,1]]},"inverse_transform":{"rotation":-0.0237464936817157,"translation":[-144.06619610400887,7.309546670825058],"scale":0.7734191731711598,"matrix":[[0.7732011194436732,0.018364267472762513,-144.06619610400887],[-0.01836426747276251,0.7732011194436731,7.309546670825058],[0,0,1]]},"document_type":{"classification":"B","confidence":0.9999709129333496},"delivery_tag":"Aarhus_kasse4_omegn"},{"image_id":"DSC_0012.JPG","processed":true,"shape":{"width":4000,"height":6000},"regions":{"death_date":[[1411.8890726031823,2419.110392728399],[1408.3052771988464,2647.9107474389743],[2841.8623019108695,2670.3651491531486],[2845.446097315206,2441.564794442573]],"birth_place":[[2603.355537576256,1387.8775226580851],[2599.791989603583,1615.3852199974142],[3763.1836237251528,1633.6079084940388],[3766.747171697826,1406.1002111547098]],"death_signs":[[1393.973273836682,3480.3618470898573],[1391.9997381998378,3854.0005696749945],[3727.8316080417007,3890.5876786898843],[3733.683115792284,3517.009698399736]],"residence":[[1416.6269716123047,2116.628567856791],[1411.8890726031823,2419.110392728399],[3750.306257187538,2455.7379966066146],[3755.0441561966604,2153.256171735007]],"death_location":[[1408.3052771988464,2647.9107474389743],[1402.2949682501408,2949.0796675076735],[3742.004810205742,2985.727518817552],[3746.7224617832017,2684.53835131719]],"death_cause":[[1402.2949682501408,2949.0796675076735],[1400.2031262784994,3247.7240151288693],[3737.3276534916085,3284.331371575422],[3742.004810205742,2985.727518817552]],"occupation":[[1423.473781769551,1596.9600571841604],[1416.6269716123047,2116.628567856791],[3755.0441561966604,2153.256171735007],[3763.1836237251528,1633.6079084940388]],"disease_duration":[[1400.2031262784994,3247.7240151288693],[1393.973273836682,3480.3618470898573],[3733.683115792284,3517.009698399736],[3737.3276534916085,3284.331371575422]],"death_age":[[2845.446097315206,2441.564794442573],[2841.8623019108695,2670.3651491531486],[3746.7224617832017,2684.53835131719],[3750.306257187538,2455.7379966066146]],"name":[[1430.4250073402923,988.0779404638795],[1427.0373297422243,1369.4523598448313],[3766.747171697826,1406.1002111547098],[3772.7201640383864,1024.7662866370838]],"birth_date":[[1427.0373297422243,1369.4523598448313],[1423.473781769551,1596.9600571841604],[2599.791989603583,1615.3852199974142],[2603.355537576256,1387.8775226580851]]},"transform":{"rotation":0.015662136389896265,"translation":[147.90406494628326,-9.499453587807078],"scale":1.292815933505637,"matrix":[[1.2926573712461888,-0.020247431662916253,147.90406494628326],[0.020247431662916253,1.2926573712461888,-9.499453587807078],[0,0,1]]},"inverse_transform":{"rotation":-0.015662136389896265,"translation":[-114.275470477695,9.138723554922551],"scale":0.7735053181842918,"matrix":[[0.773410448723166,0.012114250501516157,-114.275470477695],[-0.012114250501516155,0.773410448723166,9.138723554922551],[0,0,1]]},"document_type":{"classification":"B","confidence":0.9999805688858032},"delivery_tag":"Aarhus_kasse4_omegn"},{"image_id":"DSC_0018.JPG","processed":true,"shape":{"width":4000,"height":6000},"regions":{"death_date":[[1331.8601666972868,2444.8562159259945],[1333.677401853172,2672.9800423462493],[2762.9956137179342,2661.5940887424263],[2761.178378562049,2433.4702623221715]],"birth_place":[[2495.074648445496,1388.9894712370294],[2496.881616736094,1615.824462479769],[3656.8332765001032,1606.5842837210307],[3655.0263082095053,1379.7492924782912]],"death_signs":[[1339.0004279207978,3503.000163531561],[1345.8340575214281,3875.4427292376968],[3674.759223292055,3856.890503663208],[3671.7920992239715,3484.41713736121]],"residence":[[1329.4577202200148,2143.268784387352],[1331.8601666972868,2444.8562159259945],[3663.363002822945,2426.283456620931],[3660.960556345673,2124.696025082288]],"death_location":[[1333.677401853172,2672.9800423462493],[1334.7807462876408,2973.2889055726637],[3667.5724175908144,2954.7058794023123],[3665.18023797883,2654.4072830411856]],"death_cause":[[1334.7807462876408,2973.2889055726637],[1339.7300625240814,3270.9892978481844],[3669.9440634722237,3252.426805408408],[3667.5724175908144,2954.7058794023123]],"occupation":[[1324.0416051969294,1625.167309891382],[1329.4577202200148,2143.268784387352],[3660.960556345673,2124.696025082288],[3656.8332765001032,1606.5842837210307]],"disease_duration":[[1339.7300625240814,3270.9892978481844],[1339.0004279207978,3503.000163531561],[3671.7920992239715,3484.41713736121],[3669.9440634722237,3252.426805408408]],"death_age":[[2761.178378562049,2433.4702623221715],[2762.9956137179342,2661.5940887424263],[3665.18023797883,2654.4072830411856],[3663.363002822945,2426.283456620931]],"name":[[1316.628241291492,1018.1464750121256],[1322.2346369063318,1398.3323186486425],[3655.0263082095053,1379.7492924782912],[3651.9975829496966,999.5429151111994]],"birth_date":[[1322.2346369063318,1398.3323186486425],[1324.0416051969294,1625.167309891382],[2496.881616736094,1615.824462479769],[2495.074648445496,1388.9894712370294]]},"transform":{"rotation":-0.007965834814250342,"translation":[14.87597290852413,54.09501355899492],"scale":1.2888760698082693,"matrix":[[1.2888351775155655,0.010266865287486916,14.87597290852413],[-0.010266865287486916,1.2888351775155655,54.09501355899492],[0,0,1]]},"inverse_transform":{"rotation":0.00796583481425034,"translation":[-11.207123702898116,-42.06129420893935],"scale":0.7758697856410338,"matrix":[[0.7758451695471225,-0.006180385187066755,-11.207123702898116],[0.0061803851870667545,0.7758451695471225,-42.06129420893935],[0,0,1]]},"document_type":{"classification":"B","confidence":0.9999179840087892},"delivery_tag":"Aarhus_kasse4_omegn"},{"image_id":"DSC_0017.JPG","processed":true,"shape":{"width":4000,"height":6000},"regions":{"death_date":[[1447.5487318350745,2425.545098569147],[1442.609422157199,2654.419241276494],[2876.628768272725,2685.3666674503015],[2881.5680779506,2456.492524742954]],"birth_place":[[2645.6126594023826,1400.9350907658866],[2640.701255428902,1628.5161592206498],[3804.468082754396,1653.6312931759487],[3809.3794867278766,1426.0502247211855]],"death_signs":[[1423.3450742743792,3487.13115423612],[1419.1595484620402,3860.9133303460467],[3755.744722881116,3911.338938187408],[3763.8094714512063,3537.6404791906657]],"residence":[[1454.0786666634524,2122.9657234645188],[1447.5487318350745,2425.545098569147],[3786.7200547593184,2476.026517819298],[3793.2499895876963,2173.44714271467]],"death_location":[[1442.609422157199,2654.419241276494],[1434.8143187806322,2955.6776364241446],[3775.27871595746,3006.1869613786903],[3781.7807450814425,2704.9006605266454]],"death_cause":[[1434.8143187806322,2955.6776364241446],[1430.9542495706066,3254.4336001798106],[3768.8324982422664,3304.887113725567],[3775.27871595746,3006.1869613786903]],"occupation":[[1464.0036855775686,1603.121968221403],[1454.0786666634524,2122.9657234645188],[3793.2499895876963,2173.44714271467],[3804.468082754396,1653.6312931759487]],"disease_duration":[[1430.9542495706066,3254.4336001798106],[1423.3450742743792,3487.13115423612],[3763.8094714512063,3537.6404791906657],[3768.8324982422664,3304.887113725567]],"death_age":[[2881.5680779506,2456.492524742954],[2876.628768272725,2685.3666674503015],[3781.7807450814425,2704.9006605266454],[3786.7200547593184,2476.026517819298]],"name":[[1474.5611238423407,994.0281838456049],[1468.9150895510493,1375.5408997666398],[3809.3794867278766,1426.0502247211855],[3817.6116695243363,1044.5933202089402]],"birth_date":[[1468.9150895510493,1375.5408997666398],[1464.0036855775686,1603.121968221403],[2640.701255428902,1628.5161592206498],[2645.6126594023826,1400.9350907658866]]},"transform":{"rotation":0.021577549260150024,"translation":[197.41128677057372,-11.55327832016612],"scale":1.2933753326212523,"matrix":[[1.2930742525838825,-0.027905704394776663,197.41128677057372],[0.027905704394776663,1.2930742525838825,-11.55327832016612],[0,0,1]]},"inverse_transform":{"rotation":-0.021577549260150024,"translation":[-152.40437564503569,12.223760347715704],"scale":0.7731707685914532,"matrix":[[0.772990785041412,0.01668183579106002,-152.40437564503569],[-0.016681835791060015,0.7729907850414119,12.223760347715704],[0,0,1]]},"document_type":{"classification":"B","confidence":0.9998282194137572},"delivery_tag":"Aarhus_kasse4_omegn"},{"image_id":"DSC_0014.JPG","processed":true,"shape":{"width":4000,"height":6000},"regions":{"death_date":[[1421.1374693625116,2417.4437975835535],[1419.0080377608538,2646.225178881482],[2852.446183859175,2659.567210781137],[2854.5756154608334,2430.7858294832085]],"birth_place":[[2605.8344979521366,1378.8289484987467],[2603.7170970374937,1606.3177796198509],[3767.0122561795038,1617.145397933367],[3769.1296570941468,1389.6565668122628]],"death_signs":[[1409.9677251463577,3478.615462069417],[1410.3685071294908,3852.1985552327296],[3746.0066766512828,3873.9380066688664],[3749.483545198623,3500.3910055665992]],"residence":[[1423.9526501240261,2114.9870562066308],[1421.1374693625116,2417.4437975835535],[3759.3607392379527,2439.207310393721],[3762.1759199994667,2136.750569016798]],"death_location":[[1419.0080377608538,2646.225178881482],[1414.91233750953,2947.377339394565],[3754.428157561795,2969.152882891747],[3757.2313076362943,2667.9886916916494]],"death_cause":[[1414.91233750953,2947.377339394565],[1414.7183491627097,3245.980491615045],[3751.649068861326,3267.7319737381968],[3754.428157561795,2969.152882891747]],"occupation":[[1427.4964361272387,1595.3698544361846],[1423.9526501240261,2114.9870562066308],[3762.1759199994667,2136.750569016798],[3767.0122561795038,1617.145397933367]],"disease_duration":[[1414.7183491627097,3245.980491615045],[1409.9677251463577,3478.615462069417],[3749.483545198623,3500.3910055665992],[3751.649068861326,3267.7319737381968]],"death_age":[[2854.5756154608334,2430.7858294832085],[2852.446183859175,2659.567210781137],[3757.2313076362943,2667.9886916916494],[3759.3607392379527,2439.207310393721]],"name":[[1430.5777893576633,986.5546597778358],[1429.6138370418817,1367.8810233150805],[3769.1296570941468,1389.6565668122628],[3772.6787097635774,1008.3542646490481]],"birth_date":[[1429.6138370418817,1367.8810233150805],[1427.4964361272387,1595.3698544361846],[2603.7170970374937,1606.3177796198509],[2605.8344979521366,1378.8289484987467]]},"transform":{"rotation":0.009307444947567295,"translation":[141.95261120926295,-2.692083664530628],"scale":1.2926061647071723,"matrix":[[1.2925501768244558,-0.01203068701501782,141.95261120926295],[0.01203068701501782,1.2925501768244558,-2.692083664530628],[0,0,1]]},"inverse_transform":{"rotation":-0.009307444947567295,"translation":[-109.79477778828448,3.1047075339419665],"scale":0.7736308454219236,"matrix":[[0.7735973364118153,0.007200422542115354,-109.79477778828448],[-0.007200422542115354,0.7735973364118153,3.1047075339419665],[0,0,1]]},"document_type":{"classification":"B","confidence":0.9999778270721436},"delivery_tag":"Aarhus_kasse4_omegn"},{"image_id":"DSC_0015.JPG","processed":true,"shape":{"width":4000,"height":6000},"regions":{"death_date":[[1385.651809188801,2413.9073783114077],[1384.4226755103434,2642.3290593989886],[2815.6071067314024,2650.0302415990423],[2816.8362404098602,2421.6085605114613]],"birth_place":[[2564.3713835137664,1372.3191154334536],[2563.149194093379,1599.4502785487884],[3724.6153691149775,1605.7001108121324],[3725.837558535365,1378.5689476967975]],"death_signs":[[1378.6600553407711,3473.4156892674846],[1380.5247186751692,3846.396216020854],[3712.4906945240905,3858.9444903540343],[3714.497585106431,3485.984796374876]],"residence":[[1387.2767655772705,2111.926172805792],[1385.651809188801,2413.9073783114077],[3720.198820982215,2426.469541160729],[3721.823777370684,2124.488335655113]],"death_location":[[1384.4226755103434,2642.3290593989886],[1381.5141454076982,2943.0128026742877],[3717.351675173358,2955.5819097816793],[3718.969687303757,2654.89122224831]],"death_cause":[[1381.5141454076982,2943.0128026742877],[1382.4910577379324,3241.1363427793053],[3715.7475515591,3253.6915613705564],[3717.351675173358,2955.5819097816793]],"occupation":[[1388.777839349318,1593.1310037047408],[1387.2767655772705,2111.926172805792],[3721.823777370684,2124.488335655113],[3724.6153691149775,1605.7001108121324]],"disease_duration":[[1382.4910577379324,3241.1363427793053],[1378.6600553407711,3473.4156892674846],[3714.497585106431,3485.984796374876],[3715.7475515591,3253.6915613705564]],"death_age":[[2816.8362404098602,2421.6085605114613],[2815.6071067314024,2650.0302415990423],[3718.969687303757,2654.89122224831],[3720.198820982215,2426.469541160729]],"name":[[1389.4675489559754,985.2831502606297],[1390.000028769705,1365.999840589406],[3725.837558535365,1378.5689476967975],[3727.8861146661275,997.8661458841619]],"birth_date":[[1390.000028769705,1365.999840589406],[1388.777839349318,1593.1310037047408],[2563.149194093379,1599.4502785487884],[2564.3713835137664,1372.3191154334536]]},"transform":{"rotation":0.005380933235507225,"translation":[99.03736392197825,2.6795281398230304],"scale":1.2905366555858249,"matrix":[[1.290517972246221,-0.006944258070382087,99.03736392197825],[0.006944258070382087,1.290517972246221,2.6795281398230304],[0,0,1]]},"inverse_transform":{"rotation":-0.005380933235507225,"translation":[-76.7512863763564,-1.6633223605988385],"scale":0.7748714425674805,"matrix":[[0.7748602246092395,0.004169511377509253,-76.7512863763564],[-0.004169511377509253,0.7748602246092395,-1.6633223605988385],[0,0,1]]},"document_type":{"classification":"B","confidence":0.9997299313545228},"delivery_tag":"Aarhus_kasse4_omegn"},{"image_id":"DSC_0019.JPG","processed":true,"shape":{"width":4000,"height":6000},"regions":{"death_date":[[1392.9133058820562,2374.2430061663695],[1389.804401292803,2602.8635017403603],[2822.2345119795586,2622.3424576131392],[2825.343416568812,2393.7219620391484]],"birth_place":[[2581.2774923409893,1341.3964065367124],[2578.186152184444,1568.7252608927708],[3740.66324832338,1584.5332503296518],[3743.754588479925,1357.2043959735934]],"death_signs":[[1377.2012654111472,3434.662881655958],[1376.0000680124342,3807.9998869364726],[3709.995748815831,3839.7388168391876],[3715.0718698683404,3466.454504856796]],"residence":[[1397.0233831356452,2071.998961170246],[1392.9133058820562,2374.2430061663695],[3729.4922691213173,2406.0170649345],[3733.602346374906,2103.7730199383764]],"death_location":[[1389.804401292803,2602.8635017403603],[1384.4202472539896,2903.7983410858437],[3722.2908517111828,2935.589964286682],[3726.383364532064,2634.637560508491]],"death_cause":[[1384.4202472539896,2903.7983410858437],[1382.9461457343878,3202.202591293586],[3718.2334677557164,3233.9590856290088],[3722.2908517111828,2935.589964286682]],"occupation":[[1402.7926438661866,1552.7416271288137],[1397.0233831356452,2071.998961170246],[3733.602346374906,2103.7730199383764],[3740.66324832338,1584.5332503296518]],"disease_duration":[[1382.9461457343878,3202.202591293586],[1377.2012654111472,3434.662881655958],[3715.0718698683404,3466.454504856796],[3718.2334677557164,3233.9590856290088]],"death_age":[[2825.343416568812,2393.7219620391484],[2822.2345119795586,2622.3424576131392],[3726.383364532064,2634.637560508491],[3729.4922691213173,2406.0170649345]],"name":[[1408.4822092356233,944.3434846173554],[1405.8839840227322,1325.4127727727553],[3743.754588479925,1357.2043959735934],[3748.9360961286807,976.1702366836088]],"birth_date":[[1405.8839840227322,1325.4127727727553],[1402.7926438661866,1552.7416271288137],[2578.186152184444,1568.7252608927708],[2581.2774923409893,1341.3964065367124]]},"transform":{"rotation":0.01359770028305196,"translation":[124.95313755872354,-49.77196657782671],"scale":1.2917606377179915,"matrix":[[1.291641217932151,-0.01756443270764535,124.95313755872354],[0.01756443270764535,1.291641217932151,-49.77196657782671],[0,0,1]]},"inverse_transform":{"rotation":-0.013597700283051958,"translation":[-96.1980253319466,39.842047161335856],"scale":0.774137228524464,"matrix":[[0.774065661626277,0.010526161627684992,-96.1980253319466],[-0.010526161627684992,0.774065661626277,39.842047161335856],[0,0,1]]},"document_type":{"classification":"B","confidence":0.9999468326568604},"delivery_tag":"Aarhus_kasse4_omegn"},{"image_id":"DSC_0021.JPG","processed":true,"shape":{"width":4000,"height":6000},"regions":{"death_date":[[1385.7285061483706,2466.433234993516],[1383.9016263255005,2695.053148232272],[2816.328088369459,2706.499530851271],[2818.1549681923284,2477.879617612515]],"birth_place":[[2568.2083228161655,1427.0053491693286],[2566.3917643482273,1654.3336244801822],[3728.8658994605466,1663.622843918504],[3730.682457928485,1436.2945686076505]],"death_signs":[[1375.9630358217319,3526.8576524466002],[1376.8550780302453,3900.1719776752393],[3710.844813750202,3918.8226660364035],[3713.8276853253965,3545.5393048725587]],"residence":[[1388.143703202334,2164.189959864313],[1385.7285061483706,2466.433234993516],[3722.3015177241323,2485.104566064543],[3724.716714778096,2182.86129093534]],"death_location":[[1383.9016263255005,2695.053148232272],[1380.2051126985657,2995.994464078641],[3718.0697622022303,3014.6761165045996],[3720.4746379012627,2713.724479303299]],"death_cause":[[1380.2051126985657,2995.994464078641],[1380.4041555652018,3294.3834681339995],[3715.685529213061,3313.044477850095],[3718.0697622022303,3014.6761165045996]],"occupation":[[1391.001249956882,1644.9411914925456],[1388.143703202334,2164.189959864313],[3724.716714778096,2182.86129093534],[3728.8658994605466,1663.622843918504]],"disease_duration":[[1380.4041555652018,3294.3834681339995],[1375.9630358217319,3526.8576524466002],[3713.8276853253965,3545.5393048725587],[3715.685529213061,3313.044477850095]],"death_age":[[2818.1549681923284,2477.879617612515],[2816.328088369459,2706.499530851271],[3720.4746379012627,2713.724479303299],[3722.3015177241323,2485.104566064543]],"name":[[1393.2793322737987,1036.5590847405688],[1392.8178084248204,1417.612916181692],[3730.682457928485,1436.2945686076505],[3733.7272576332684,1055.26137987639]],"birth_date":[[1392.8178084248204,1417.612916181692],[1391.001249956882,1644.9411914925456],[2566.3917643482273,1654.3336244801822],[2568.2083228161655,1427.0053491693286]]},"transform":{"rotation":0.007990734112426068,"translation":[104.27779698780161,49.71817089502577],"scale":1.2916791657234719,"matrix":[[1.2916379279025771,-0.01032135493146876,104.27779698780161],[0.01032135493146876,1.2916379279025771,49.71817089502577],[0,0,1]]},"inverse_transform":{"rotation":-0.007990734112426068,"translation":[-81.03540807598237,-37.84479739274433],"scale":0.7741860568292888,"matrix":[[0.7741613403619197,0.006186249099290653,-81.03540807598237],[-0.006186249099290653,0.7741613403619196,-37.84479739274433],[0,0,1]]},"document_type":{"classification":"B","confidence":0.9999865293502808},"delivery_tag":"Aarhus_kasse4_omegn"},{"image_id":"DSC_0024.JPG","processed":true,"shape":{"width":4000,"height":6000},"regions":{"death_date":[[1374.0255550751779,2390.575545314375],[1370.69845890047,2618.7042988183593],[2800.047541589273,2639.550342082489],[2803.374637763981,2411.4215885785047]],"birth_place":[[2560.8653236005116,1361.1053903854174],[2557.5570245793333,1587.9452808752544],[3717.5337373114544,1604.8627190517345],[3720.8420363326327,1378.0228285618975]],"death_signs":[[1357.3042290133753,3448.71328277537],[1355.7384406858127,3821.251085324384],[3684.7139072490827,3855.2175417520502],[3690.146284619086,3482.7361306636244]],"residence":[[1378.4240890010628,2088.9816000040237],[1374.0255550751779,2390.575545314375],[3705.578747666742,2424.5795960491005],[3709.9772815926267,2122.985650738749]],"death_location":[[1370.69845890047,2618.7042988183593],[1365.029859113968,2918.9905839610346],[3697.8719147196784,2953.013431849289],[3702.251651492034,2652.7083495530846]],"death_cause":[[1365.029859113968,2918.9905839610346],[1363.2654426769652,3216.7555345360042],[3693.529772254382,3250.7407881172003],[3697.8719147196784,2953.013431849289]],"occupation":[[1384.6916817057438,1570.83987116348],[1378.4240890010628,2088.9816000040237],[3709.9772815926267,2122.985650738749],[3717.5337373114544,1604.8627190517345]],"disease_duration":[[1363.2654426769652,3216.7555345360042],[1357.3042290133753,3448.71328277537],[3690.146284619086,3482.7361306636244],[3693.529772254382,3250.7407881172003]],"death_age":[[2803.374637763981,2411.4215885785047],[2800.047541589273,2639.550342082489],[3702.251651492034,2652.7083495530846],[3705.578747666742,2424.5795960491005]],"name":[[1390.9674149898083,963.7477971932777],[1387.9999807269223,1343.999980673643],[3720.8420363326327,1378.0228285618975],[3726.3871966238125,997.8082393885911]],"birth_date":[[1387.9999807269223,1343.999980673643],[1384.6916817057438,1570.83987116348],[2557.5570245793333,1587.9452808752544],[2560.8653236005116,1361.1053903854174]]},"transform":{"rotation":0.014583257309175781,"translation":[111.15959685466308,-29.504983645244227],"scale":1.2890000784392477,"matrix":[[1.2888630141468014,-0.01879715352942243,111.15959685466308],[0.01879715352942243,1.2888630141468014,-29.504983645244227],[0,0,1]]},"inverse_transform":{"rotation":-0.014583257309175781,"translation":[-85.89410905837798,24.144961922961194],"scale":0.7757951428605219,"matrix":[[0.7757126496053871,0.011313219177912363,-85.89410905837798],[-0.011313219177912363,0.7757126496053871,24.144961922961194],[0,0,1]]},"document_type":{"classification":"B","confidence":0.999876856803894},"delivery_tag":"Aarhus_kasse4_omegn"},{"image_id":"DSC_0025.JPG","processed":true,"shape":{"width":4000,"height":6000},"regions":{"death_date":[[1393.8540049103813,2367.6014542181942],[1391.610272367251,2595.907499450241],[2822.070182888944,2609.9656880961825],[2824.3139154320747,2381.6596428641355]],"birth_place":[[2576.6342644637843,1331.754246044656],[2574.4032083756997,1558.7704266143746],[3735.2814044708525,1570.179236155716],[3737.512460558937,1343.1630555859972]],"death_signs":[[1382.1567706553408,3426.567665534393],[1382.3628691340496,3799.376582312308],[3713.1483139606503,3822.282936580312],[3716.8118094689257,3449.5120491675348]],"residence":[[1396.82029539113,2065.773123233455],[1393.8540049103813,2367.6014542181942],[3727.219179061638,2390.53316139629],[3730.1854695423867,2088.7048304115506]],"death_location":[[1391.610272367251,2595.907499450241],[1387.36679367922,2896.433289317607],[3722.0218324928046,2919.3776729507485],[3724.9754465185074,2618.839206628337]],"death_cause":[[1387.36679367922,2896.433289317607],[1387.0182618882652,3194.4173792254546],[3719.0935713771937,3217.3364099485043],[3722.0218324928046,2919.3776729507485]],"occupation":[[1400.6263656572678,1547.2348525225739],[1396.82029539113,2065.773123233455],[3730.1854695423867,2088.7048304115506],[3735.2814044708525,1570.179236155716]],"disease_duration":[[1387.0182618882652,3194.4173792254546],[1382.1567706553408,3426.567665534393],[3716.8118094689257,3449.5120491675348],[3719.0935713771937,3217.3364099485043]],"death_age":[[2824.3139154320747,2381.6596428641355],[2822.070182888944,2609.9656880961825],[3724.9754465185074,2618.839206628337],[3727.219179061638,2390.53316139629]],"name":[[1404.0172466592471,939.683243656019],[1402.8574217453522,1320.2186719528552],[3737.512460558937,1343.1630555859972],[3741.252014797488,962.6529801992527]],"birth_date":[[1402.8574217453522,1320.2186719528552],[1400.6263656572678,1547.2348525225739],[2574.4032083756997,1558.7704266143746],[2576.6342644637843,1331.754246044656]]},"transform":{"rotation":0.009827424010847506,"translation":[118.57652569671477,-48.1816019300276],"scale":1.2899269512786067,"matrix":[[1.2898646623279473,-0.012676455045934709,118.57652569671477],[0.012676455045934709,1.2898646623279473,-48.1816019300276],[0,0,1]]},"inverse_transform":{"rotation":-0.009827424010847506,"translation":[-91.5534839071621,38.25376180476385],"scale":0.7752376977694558,"matrix":[[0.7752002625157325,0.0076184669340751444,-91.5534839071621],[-0.007618466934075144,0.7752002625157324,38.25376180476385],[0,0,1]]},"document_type":{"classification":"B","confidence":0.9998071789741516},"delivery_tag":"Aarhus_kasse4_omegn"},{"image_id":"DSC_0020.JPG","processed":true,"shape":{"width":4000,"height":6000},"regions":{"death_date":[[1437.5926562850038,2493.49862617529],[1434.973941066921,2724.127494483392],[2879.9875848730508,2740.535150849799],[2882.6063000911336,2509.906282541697]],"birth_place":[[2634.0222497830146,1448.9210615824013],[2631.418329566164,1678.2469419339602],[3804.1074904548177,1691.5624430428563],[3806.711410671668,1462