[{"image_id":"DSC_0830.JPG","processed":true,"shape":{"width":4000,"height":6000},"regions":{"death_date":[[1334.496812080529,2460.7851587011514],[1333.3345411798987,2690.546702078353],[2772.913928780558,2697.828953088518],[2774.0761996811884,2468.0674097113165]],"birth_place":[[2519.790636381028,1412.706802918018],[2518.634931982661,1641.1702584795291],[3686.9139661040253,1647.0801105166333],[3688.0696705023925,1418.6166549551222]],"death_signs":[[1327.8076259065472,3526.50868888071],[1329.8041701994816,3901.6757671220275],[3675.4488531520433,3913.54143671208],[3677.34657230618,3538.394057977553]],"residence":[[1336.033373610176,2157.032609829597],[1334.496812080529,2460.7851587011514],[3682.737670664472,2472.663961295731],[3684.2742321941187,2168.9114124241764]],"death_location":[[1333.3345411798987,2690.546702078353],[1330.5064583368248,2992.9945966319538],[3680.0454047364574,3004.879965728797],[3681.5753997638412,2702.4255046729327]],"death_cause":[[1330.5064583368248,2992.9945966319538],[1331.5857719453486,3292.8660150609644],[3678.528542713601,3304.7382511532805],[3680.0454047364574,3004.879965728797]],"occupation":[[1337.3750197043926,1635.1947414197905],[1336.033373610176,2157.032609829597],[3684.2742321941187,2168.9114124241764],[3686.9139661040253,1647.0801105166333]],"disease_duration":[[1331.5857719453486,3292.8660150609644],[1327.8076259065472,3526.50868888071],[3677.34657230618,3538.394057977553],[3678.528542713601,3304.7382511532805]],"death_age":[[2774.0761996811884,2468.0674097113165],[2772.913928780558,2697.828953088518],[3681.5753997638412,2702.4255046729327],[3682.737670664472,2472.663961295731]],"name":[[1337.871666639096,1023.782247225083],[1338.5307241027595,1406.7312858582793],[3688.0696705023925,1418.6166549551222],[3690.00678867011,1035.6807493264525]],"birth_date":[[1338.5307241027595,1406.7312858582793],[1337.3750197043926,1635.1947414197905],[2518.634931982661,1641.1702584795291],[2519.790636381028,1412.706802918018]]},"transform":{"rotation":0.005058553184148384,"translation":[39.55577539709733,35.83509029063405],"scale":1.2981044242262878,"matrix":[[1.2980878156904048,-0.00656650226344908,39.55577539709733],[0.00656650226344908,1.2980878156904048,35.83509029063405],[0,0,1]]},"inverse_transform":{"rotation":-0.005058553184148384,"translation":[-30.611206231171494,-27.451210391862208],"scale":0.7703540495950721,"matrix":[[0.7703441933364872,0.0038968603110171615,-30.611206231171494],[-0.0038968603110171615,0.7703441933364871,-27.451210391862208],[0,0,1]]},"document_type":{"classification":"B","confidence":0.9999959468841552},"delivery_tag":"Aarhus_kasse2_omegn"},{"image_id":"DSC_0007.JPG","processed":true,"shape":{"width":4000,"height":6000},"regions":{"death_date":[[1280.4249699117422,2433.5507045772474],[1279.3209132976249,2664.3310139640225],[2725.2834167435794,2671.2485212242273],[2726.3874733576968,2440.468211837452]],"birth_place":[[2470.6836998735625,1380.4997228832985],[2469.5858808674348,1609.9761887142165],[3643.045081139174,1615.590035904644],[3644.1429001453016,1386.1135700737261]],"death_signs":[[1274.000050196617,3504.0000263282554],[1276.1089121552632,3880.8295267950375],[3632.154217589744,3892.1008844318185],[3633.9568862986703,3515.2900967890046]],"residence":[[1281.8845701812534,2128.451312506595],[1280.4249699117422,2433.5507045772474],[3639.077962457938,2444.834537430007],[3640.5375627274493,2139.7351453593546]],"death_location":[[1279.3209132976249,2664.3310139640225],[1276.5637070802456,2968.120324870828],[3636.5205431822988,2979.410395331577],[3637.973905843821,2675.614846816782]],"death_cause":[[1276.5637070802456,2968.120324870828],[1277.7305067464174,3269.320661489887],[3635.0796557367557,3280.598256734657],[3636.5205431822988,2979.410395331577]],"occupation":[[1283.0882450371205,1604.2999654438952],[1281.8845701812534,2128.451312506595],[3640.5375627274493,2139.7351453593546],[3643.045081139174,1615.590035904644]],"disease_duration":[[1277.7305067464174,3269.320661489887],[1274.000050196617,3504.0000263282554],[3633.9568862986703,3515.2900967890046],[3635.0796557367557,3280.598256734657]],"death_age":[[2726.3874733576968,2440.468211837452],[2725.2834167435794,2671.2485212242273],[3637.973905843821,2675.614846816782],[3639.077962457938,2444.834537430007]],"name":[[1283.418471288396,990.1771754190395],[1284.1860640432485,1374.8234996129772],[3644.1429001453016,1386.1135700737261],[3645.9829945021643,1001.4797210957672]],"birth_date":[[1284.1860640432485,1374.8234996129772],[1283.0882450371205,1604.2999654438952],[2469.5858808674348,1609.9761887142165],[2470.6836998735625,1380.4997228832985]]},"transform":{"rotation":0.004783979163518334,"translation":[-20.924827152562987,-1.7911112305430223],"scale":1.30385847617927,"matrix":[[1.3038435558574881,-0.00623760798936407,-20.924827152562987],[0.00623760798936407,1.3038435558574881,-1.7911112305430223],[0,0,1]]},"inverse_transform":{"rotation":-0.004783979163518334,"translation":[16.054776414774864,1.2969100635686956],"scale":0.7669544036177345,"matrix":[[0.7669456272001225,0.0036690798908655333,16.054776414774864],[-0.0036690798908655337,0.7669456272001225,1.2969100635686956],[0,0,1]]},"document_type":{"classification":"B","confidence":0.9999220371246338},"delivery_tag":"Aarhus_kasse2_omegn"},{"image_id":"DSC_0010.JPG","processed":true,"shape":{"width":4000,"height":6000},"regions":{"death_date":[[1344.5634935275984,2388.697710984801],[1344.597323275783,2619.0805519191827],[2788.069473536968,2618.8685903895976],[2788.0356437887835,2388.4857494552157]],"birth_place":[[2527.5608531537423,1331.6264223982585],[2527.594491773406,1560.7076653612598],[3699.0326660160267,1560.535649692525],[3698.999027396363,1331.4544067295237]],"death_signs":[[1343.418812071808,3457.309836616868],[1347.3788421284662,3833.471076960325],[3699.366376413372,3833.1257077232094],[3699.3111402708564,3456.96389399419]],"residence":[[1344.5187694537274,2084.1237856817193],[1344.5634935275984,2388.697710984801],[3699.1542237552662,2388.351959490644],[3699.109499681395,2083.7780341875623]],"death_location":[[1344.597323275783,2619.0805519191827],[1343.3402582497524,2922.3530703794045],[3699.2325864488007,2922.0071277567267],[3699.1880535034506,2618.7348004250257]],"death_cause":[[1343.3402582497524,2922.3530703794045],[1345.9876048808226,3223.021819511302],[3699.276737137109,3222.676259145666],[3699.2325864488007,2922.0071277567267]],"occupation":[[1343.1403378169787,1560.8815923152026],[1344.5187694537274,2084.1237856817193],[3699.109499681395,2083.7780341875623],[3699.0326660160267,1560.535649692525]],"disease_duration":[[1345.9876048808226,3223.021819511302],[1343.418812071808,3457.309836616868],[3699.3111402708564,3456.96389399419],[3699.276737137109,3222.676259145666]],"death_age":[[2788.0356437887835,2388.4857494552157],[2788.069473536968,2618.8685903895976],[3699.1880535034506,2618.7348004250257],[3699.1542237552662,2388.351959490644]],"name":[[1340.4471203409128,947.8293300519395],[1343.1066991973148,1331.8003493522012],[3698.999027396363,1331.4544067295237],[3698.9426444827222,947.4830051722203]],"birth_date":[[1343.1066991973148,1331.8003493522012],[1343.1403378169787,1560.8815923152026],[2527.594491773406,1560.7076653612598],[2527.5608531537423,1331.6264223982585]]},"transform":{"rotation":-0.00014684143925015696,"translation":[33.498263912962955,-35.98684327696238],"scale":1.3015979854134834,"matrix":[[1.3015979713806898,0.0001911285208163555,33.498263912962955],[-0.0001911285208163555,1.3015979713806898,-35.98684327696238],[0,0,1]]},"inverse_transform":{"rotation":0.00014684143925015696,"translation":[-25.74031942820656,27.64442197894359],"scale":0.7682863765975532,"matrix":[[0.7682863683145009,-0.00011281627689044106,-25.74031942820656],[0.00011281627689044106,0.768286368314501,27.64442197894359],[0,0,1]]},"document_type":{"classification":"B","confidence":0.9999604225158693},"delivery_tag":"Aarhus_kasse2_omegn"},{"image_id":"DSC_0012.JPG","processed":true,"shape":{"width":4000,"height":6000},"regions":{"death_date":[[1339.2006667085043,2400.7787627399516],[1336.1109137694825,2631.42462033467],[2781.2310045748104,2650.783580839614],[2784.320757513832,2420.1377232448954]],"birth_place":[[2537.8784290818653,1358.5423167210765],[2534.8061323741376,1587.8850903745822],[3707.5816794659277,1603.5956985390992],[3710.6539761736553,1374.2529248855935]],"death_signs":[[1323.5660168749928,3470.593222244613],[1322.4304178546927,3847.2368499490804],[3677.1030996267646,3878.780259897172],[3682.147950470704,3502.189000886586]],"residence":[[1343.2854248312788,2095.8571204960863],[1339.2006667085043,2400.7787627399516],[3696.4795163630024,2432.357085150631],[3700.564274485777,2127.4354429067657]],"death_location":[[1336.1109137694825,2631.42462033467],[1330.7405279367888,2935.025722406029],[3689.3224615325003,2966.6215010480023],[3693.3897634239806,2663.0029427453496]],"death_cause":[[1330.7405279367888,2935.025722406029],[1329.3143063903224,3236.073025288843],[3685.2900721036076,3267.6338914682283],[3689.3224615325003,2966.6215010480023]],"occupation":[[1348.9997458702164,1571.999919897126],[1343.2854248312788,2095.8571204960863],[3700.564274485777,2127.4354429067657],[3707.5816794659277,1603.5956985390992]],"disease_duration":[[1329.3143063903224,3236.073025288843],[1323.5660168749928,3470.593222244613],[3682.147950470704,3502.189000886586],[3685.2900721036076,3267.6338914682283]],"death_age":[[2784.320757513832,2420.1377232448954],[2781.2310045748104,2650.783580839614],[3693.3897634239806,2663.0029427453496],[3696.4795163630024,2432.357085150631]],"name":[[1354.6154629272212,958.2124711231679],[1352.0720425779443,1342.6571462436202],[3710.6539761736553,1374.2529248855935],[3715.8035644053584,989.843162227729]],"birth_date":[[1352.0720425779443,1342.6571462436202],[1348.9997458702164,1571.999919897126],[2534.8061323741376,1587.8850903745822],[2537.8784290818653,1358.5423167210765]]},"transform":{"rotation":0.01339528993497331,"translation":[59.516096807462944,-44.445044653019245],"scale":1.3032008586010266,"matrix":[[1.3030839412131001,-0.017456231293907883,59.516096807462944],[0.017456231293907883,1.3030839412131001,-44.445044653019245],[0,0,1]]},"inverse_transform":{"rotation":-0.01339528993497331,"translation":[-45.20824280000442,34.71319748873329],"scale":0.7673414220072649,"matrix":[[0.7672725795459384,0.010278453436820378,-45.20824280000442],[-0.010278453436820378,0.7672725795459383,34.71319748873329],[0,0,1]]},"document_type":{"classification":"B","confidence":0.9999470710754396},"delivery_tag":"Aarhus_kasse2_omegn"},{"image_id":"DSC_0014.JPG","processed":true,"shape":{"width":4000,"height":6000},"regions":{"death_date":[[1337.8680136955518,2409.444561064408],[1337.7470837516303,2640.0020845905815],[2782.3137142065825,2640.759775595152],[2782.4346441505045,2410.2022520689784]],"birth_place":[[2522.472443072705,1352.3666865772418],[2522.352196348806,1581.6216252247366],[3694.6785871598586,1582.2365232446768],[3694.7988338837577,1352.981584597182]],"death_signs":[[1336.0045051786828,3478.866063239801],[1339.7148092283167,3855.315142838084],[3693.4856850011747,3856.549721418119],[3693.6831355875775,3480.102691479903]],"residence":[[1338.0278871807363,2104.639699453534],[1337.8680136955518,2409.444561064408],[3694.2440592257676,2410.6805060844877],[3694.4039327109517,2105.8756444736136]],"death_location":[[1337.7470837516303,2640.0020845905815],[1336.285308607789,2943.503678102754],[3693.9639390166835,2944.740306342856],[3694.1231292818456,2641.238029610661]],"death_cause":[[1336.285308607789,2943.503678102754],[1338.732654540029,3244.402151517635],[3693.8061151915654,3245.637413317693],[3693.9639390166835,2944.740306342856]],"occupation":[[1336.9999567509637,1580.999895004575],[1338.0278871807363,2104.639699453534],[3694.4039327109517,2105.8756444736136],[3694.6785871598586,1582.2365232446768]],"disease_duration":[[1338.732654540029,3244.402151517635],[1336.0045051786828,3478.866063239801],[3693.6831355875775,3480.102691479903],[3693.8061151915654,3245.637413317693]],"death_age":[[2782.4346441505045,2410.2022520689784],[2782.3137142065825,2640.759775595152],[3694.1231292818456,2641.238029610661],[3694.2440592257676,2410.6805060844877]],"name":[[1334.7165836240415,967.4810507067464],[1337.1202034748633,1351.7449563570801],[3694.7988338837577,1352.981584597182],[3695.0003837902937,968.7190453868925]],"birth_date":[[1337.1202034748633,1351.7449563570801],[1336.9999567509637,1580.999895004575],[2522.352196348806,1581.6216252247366],[2522.472443072705,1352.3666865772418]]},"transform":{"rotation":0.0005245108942111292,"translation":[27.437879767127978,-17.95907047678214],"scale":1.3025850578571239,"matrix":[[1.3025848786789473,-0.0006832200221557267,27.437879767127978],[0.0006832200221557267,1.3025848786789473,-17.95907047678214],[0,0,1]]},"inverse_transform":{"rotation":-0.0005245108942111292,"translation":[-21.0569406579305,13.79830005279446],"scale":0.7677041848192969,"matrix":[[0.767704079217106,0.0004026691900060288,-21.0569406579305],[-0.00040266919000602874,0.767704079217106,13.79830005279446],[0,0,1]]},"document_type":{"classification":"B","confidence":0.999832034111023},"delivery_tag":"Aarhus_kasse2_omegn"},{"image_id":"DSC_0015.JPG","processed":true,"shape":{"width":4000,"height":6000},"regions":{"death_date":[[1335.7887005749706,2461.1525554299324],[1336.7594855044172,2691.352247143438],[2779.0841075963826,2685.269758517697],[2778.1133226669363,2455.0700668041914]],"birth_place":[[2513.5471322408816,1400.1096561517768],[2514.51243250971,1629.0087846352626],[3685.019339527536,1624.0725900787552],[3684.0540392587077,1395.1734615952694]],"death_signs":[[1338.9910437126093,3528.920451936812],[1344.4778003213696,3904.766771430681],[3694.59555696716,3894.8559896933375],[3693.0104900484594,3518.9932162176137]],"residence":[[1334.5052899902787,2156.8207596052976],[1335.7887005749706,2461.1525554299324],[3688.507583680801,2451.2308043713524],[3687.224173096109,2146.8990085467176]],"death_location":[[1336.7594855044172,2691.352247143438],[1336.7368481984709,2994.388964398671],[3690.756294534321,2984.461728679473],[3689.4783686102473,2681.430496084858]],"death_cause":[[1336.7368481984709,2994.388964398671],[1340.6049312613475,3294.8081012120097],[3692.023251137158,3284.8918348140483],[3690.756294534321,2984.461728679473]],"occupation":[[1330.9998931916855,1633.9998257979535],[1334.5052899902787,2156.8207596052976],[3687.224173096109,2146.8990085467176],[3685.019339527536,1624.0725900787552]],"disease_duration":[[1340.6049312613475,3294.8081012120097],[1338.9910437126093,3528.920451936812],[3693.0104900484594,3518.9932162176137],[3692.023251137158,3284.8918348140483]],"death_age":[[2778.1133226669363,2455.0700668041914],[2779.0841075963826,2685.269758517697],[3689.4783686102473,2681.430496084858],[3688.507583680801,2451.2308043713524]],"name":[[1325.8154915804073,1021.4455137798612],[1330.0345929228574,1405.1006973144677],[3684.0540392587077,1395.1734615952694],[3682.436064376297,1011.5073087394263]],"birth_date":[[1330.0345929228574,1405.1006973144677],[1330.9998931916855,1633.9998257979535],[2514.51243250971,1629.0087846352626],[2513.5471322408816,1400.1096561517768]]},"transform":{"rotation":-0.004217117613730571,"translation":[15.90360521305508,43.72631114570235],"scale":1.300574794766395,"matrix":[[1.3005632300198067,0.005484660618341572,15.90360521305508],[-0.005484660618341572,1.3005632300198067,43.72631114570235],[0,0,1]]},"inverse_transform":{"rotation":0.004217117613730572,"translation":[-12.086244797809796,-33.67202692321357],"scale":0.7688908042998146,"matrix":[[0.7688839673017875,-0.003242493343034248,-12.086244797809796],[0.0032424933430342485,0.7688839673017875,-33.67202692321357],[0,0,1]]},"document_type":{"classification":"B","confidence":0.9999629259109496},"delivery_tag":"Aarhus_kasse2_omegn"},{"image_id":"DSC_0018.JPG","processed":true,"shape":{"width":4000,"height":6000},"regions":{"death_date":[[1311.1533079932738,2426.7340853536375],[1311.8322259416943,2657.257083265542],[2756.1825348925536,2653.0032979276966],[2755.503616944133,2422.480300015792]],"birth_place":[[2491.9110691673054,1365.7069061469658],[2492.586151421102,1594.927514240159],[3664.7369882612943,1591.4753890786978],[3664.061906007498,1362.2547809855046]],"death_signs":[[1313.0000234607398,3495.999962210259],[1318.0157086631652,3872.3791127339605],[3671.4341110745295,3865.4480125486707],[3670.325595328238,3489.057354941098]],"residence":[[1310.2557554512937,2121.9748677751877],[1311.1533079932738,2426.7340853536375],[3667.1764900420603,2419.7953137791],[3666.2789375000807,2115.0360962006503]],"death_location":[[1311.8322259416943,2657.257083265542],[1311.4235529703392,2960.7177467199044],[3668.7491248378374,2953.775139450743],[3667.855407990481,2650.3183116910045]],"death_cause":[[1311.4235529703392,2960.7177467199044],[1314.9143780658703,3261.562123452973],[3669.6351702959455,3254.6271875730595],[3668.7491248378374,2953.775139450743]],"occupation":[[1307.4114163937963,1598.417996347859],[1310.2557554512937,2121.9748677751877],[3666.2789375000807,2115.0360962006503],[3664.7369882612943,1591.4753890786978]],"disease_duration":[[1314.9143780658703,3261.562123452973],[1313.0000234607398,3495.999962210259],[3670.325595328238,3489.057354941098],[3669.6351702959455,3254.6271875730595]],"death_age":[[2755.503616944133,2422.480300015792],[2756.1825348925536,2653.0032979276966],[3667.855407990481,2650.3183116910045],[3667.1764900420603,2419.7953137791]],"name":[[1303.0000245885424,985.0000631240724],[1306.7363341399994,1369.1973882546656],[3664.061906007498,1362.2547809855046],[3662.930376093463,978.0497844656636]],"birth_date":[[1306.7363341399994,1369.1973882546656],[1307.4114163937963,1598.417996347859],[2492.586151421102,1594.927514240159],[2491.9110691673054,1365.7069061469658]]},"transform":{"rotation":-0.002945111731423262,"translation":[-7.499138533255212,4.244397580652189],"scale":1.3023954669900248,"matrix":[[1.3023898187113248,0.0038356946238459096,-7.499138533255212],[-0.0038356946238459096,1.3023898187113248,4.244397580652189],[0,0,1]]},"inverse_transform":{"rotation":0.002945111731423262,"translation":[5.7675309904911884,-3.241944180135645],"scale":0.767815940200642,"matrix":[[0.7678126103069726,-0.0022613004640881103,5.7675309904911884],[0.0022613004640881103,0.7678126103069725,-3.241944180135645],[0,0,1]]},"document_type":{"classification":"B","confidence":0.9999842643737792},"delivery_tag":"Aarhus_kasse2_omegn"},{"image_id":"DSC_0017.JPG","processed":true,"shape":{"width":4000,"height":6000},"regions":{"death_date":[[1350.4497254135204,2416.8187362951853],[1350.275143437962,2647.486968676764],[2795.535424292032,2648.5808184558273],[2795.7100062675904,2417.912586074249]],"birth_place":[[2535.868842922041,1359.50851212536],[2535.6952472853272,1588.8735341545002],[3708.5845644797932,1589.7612391149667],[3708.758160116507,1360.3962170858265]],"death_signs":[[1348.336730869368,3486.753449308181],[1351.9613100004885,3863.3842001793832],[3706.862416856489,3865.1665144722306],[3707.1474687826826,3488.5387226175635]],"residence":[[1350.6805287032416,2111.867513824624],[1350.4497254135204,2416.8187362951853],[3707.9572529743973,2418.6030232657226],[3708.1880562641186,2113.6518007951613]],"death_location":[[1350.275143437962,2647.486968676764],[1348.7421161346476,2951.1339944560414],[3707.5528540479627,2952.9192677654237],[3707.782670998839,2649.271255647301]],"death_cause":[[1348.7421161346476,2951.1339944560414],[1351.1206925663378,3252.1775585469777],[3707.325009774776,3253.96085917867],[3707.5528540479627,2952.9192677654237]],"occupation":[[1349.7738265664786,1587.975965805584],[1350.6805287032416,2111.867513824624],[3708.1880562641186,2113.6518007951613],[3708.5845644797932,1589.7612391149667]],"disease_duration":[[1351.1206925663378,3252.1775585469777],[1348.336730869368,3486.753449308181],[3707.1474687826826,3488.5387226175635],[3707.325009774776,3253.96085917867]],"death_age":[[2795.7100062675904,2417.912586074249],[2795.535424292032,2648.5808184558273],[3707.782670998839,2649.271255647301],[3707.9572529743973,2418.6030232657226]],"name":[[1347.6319714575793,974.161917129457],[1349.947422203192,1358.610943776444],[3708.758160116507,1360.3962170858265],[3709.049130075771,975.9491631165293]],"birth_date":[[1349.947422203192,1358.610943776444],[1349.7738265664786,1587.975965805584],[2535.6952472853272,1588.8735341545002],[2535.868842922041,1359.50851212536]]},"transform":{"rotation":0.000756852993673319,"translation":[39.954449776322136,-12.055393514236997],"scale":1.3032107256950674,"matrix":[[1.3032103524382956,-0.0009863388449626535,39.954449776322136],[0.0009863388449626535,1.3032103524382956,-12.055393514236997],[0,0,1]]},"inverse_transform":{"rotation":-0.000756852993673319,"translation":[-30.65146210466837,9.273734067070313],"scale":0.7673356121794117,"matrix":[[0.7673353924043533,0.000580760199784332,-30.65146210466837],[-0.000580760199784332,0.7673353924043534,9.273734067070313],[0,0,1]]},"document_type":{"classification":"B","confidence":0.9999306201934814},"delivery_tag":"Aarhus_kasse2_omegn"},{"image_id":"DSC_0020.JPG","processed":true,"shape":{"width":4000,"height":6000},"regions":{"death_date":[[1326.7598487524397,2400.3999592638825],[1326.5427532473523,2630.754741966545],[2769.8391036273138,2632.114961826105],[2770.056199132401,2401.7601791234424]],"birth_place":[[2510.764250034087,1344.7460398263809],[2510.548381057277,1573.7993830787464],[3681.8438863250544,1574.903258528344],[3682.0597553018647,1345.8499152759784]],"death_signs":[[1324.4514295864537,3468.880521429878],[1328.001281265198,3845.000202150696],[3679.702367952835,3847.2165387478326],[3680.056834624984,3471.1005376118464]],"residence":[[1327.046856369335,2095.8631278942603],[1326.7598487524397,2400.3999592638825],[3681.0638143406723,2402.6187489175736],[3681.350821957568,2098.0819175479514]],"death_location":[[1326.5427532473523,2630.754741966545],[1324.9555327084367,2933.988907357593],[3680.560937746967,2936.208923539561],[3680.846718835585,2632.9735316202364]],"death_cause":[[1324.9555327084367,2933.988907357593],[1327.2750835769684,3234.623873432877],[3680.2776097149035,3236.8414365582908],[3680.560937746967,2936.208923539561]],"occupation":[[1326.2384812865246,1572.6832423463757],[1327.046856369335,2095.8631278942603],[3681.350821957568,2098.0819175479514],[3681.8438863250544,1574.903258528344]],"disease_duration":[[1327.2750835769684,3234.623873432877],[1324.4514295864537,3468.880521429878],[3680.056834624984,3471.1005376118464],[3680.2776097149035,3236.8414365582908]],"death_age":[[2770.056199132401,2401.7601791234424],[2769.8391036273138,2632.114961826105],[3680.846718835585,2632.9735316202364],[3681.0638143406723,2402.6187489175736]],"name":[[1324.2132972045522,959.702808199684],[1326.4543502633348,1343.6298990940102],[3682.0597553018647,1345.8499152759784],[3682.4215811436775,961.9252774382071]],"birth_date":[[1326.4543502633348,1343.6298990940102],[1326.2384812865246,1572.6832423463757],[2510.548381057277,1573.7993830787464],[2510.764250034087,1344.7460398263809]]},"transform":{"rotation":0.0009424394764729624,"translation":[18.495344483493373,-25.41685061568909],"scale":1.3014400282619072,"matrix":[[1.3014394502975306,-0.0012265282773306224,18.495344483493373],[0.0012265282773306224,1.3014394502975306,-25.41685061568909],[0,0,1]]},"inverse_transform":{"rotation":-0.0009424394764729623,"translation":[-14.193033892319141,19.543174880156304],"scale":0.7683796243269966,"matrix":[[0.7683792830926401,0.0007241511836856469,-14.193033892319141],[-0.0007241511836856468,0.76837928309264,19.543174880156304],[0,0,1]]},"document_type":{"classification":"B","confidence":0.9999164342880248},"delivery_tag":"Aarhus_kasse2_omegn"},{"image_id":"DSC_0019.JPG","processed":true,"shape":{"width":4000,"height":6000},"regions":{"death_date":[[1301.441186217628,2412.2481621278266],[1301.050163964394,2641.571221038925],[2737.8822110401447,2644.021185326138],[2738.2732332933792,2414.6981264150395]],"birth_place":[[2480.9449750301387,1362.2205654745953],[2480.5561619421774,1590.248013883371],[3646.605614032507,1592.2362626286292],[3646.9944271204686,1364.2088142198536]],"death_signs":[[1298.3318510265756,3475.9421753693996],[1301.5802337697883,3850.3802380364455],[3642.748411466706,3854.37219968387],[3643.386860230461,3479.9407645126416]],"residence":[[1301.9581308913953,2109.0753045843408],[1301.441186217628,2412.2481621278266],[3645.2005849191914,2416.244542105796],[3645.7175295929583,2113.07168456231]],"death_location":[[1301.050163964394,2641.571221038925],[1299.239817953577,2943.4462589148156],[3644.2948271574624,2947.4448480580577],[3644.809562665957,2645.5676010168945]],"death_cause":[[1299.239817953577,2943.4462589148156],[1301.3207217802724,3242.736703281879],[3643.7845099795127,3246.7308740945755],[3644.2948271574624,2947.4448480580577]],"occupation":[[1301.5506048286215,1588.2376734853876],[1301.9581308913953,2109.0753045843408],[3645.7175295929583,2113.07168456231],[3646.605614032507,1592.2362626286292]],"disease_duration":[[1301.3207217802724,3242.736703281879],[1298.3318510265756,3475.9421753693996],[3643.386860230461,3479.9407645126416],[3643.7845099795127,3246.7308740945755]],"death_age":[[2738.2732332933792,2414.6981264150395],[2737.8822110401447,2644.021185326138],[3644.809562665957,2645.5676010168945],[3645.2005849191914,2416.244542105796]],"name":[[1299.9999006673281,978.0007085609031],[1301.9394179165831,1360.210225076612],[3646.9944271204686,1364.2088142198536],[3647.646130875859,982.0037160346899]],"birth_date":[[1301.9394179165831,1360.210225076612],[1301.5506048286215,1588.2376734853876],[2480.5561619421774,1590.248013883371],[2480.9449750301387,1362.2205654745953]]},"transform":{"rotation":0.0017051136337376256,"translation":[0.8770852814656462,-3.698833128573364],"scale":1.295612385761958,"matrix":[[1.295610502322589,-0.0022091652725092273,0.8770852814656462],[0.0022091652725092273,1.295610502322589,-3.698833128573364],[0,0,1]]},"inverse_transform":{"rotation":-0.0017051136337376256,"translation":[-0.6720969082038982,2.8560419162158053],"scale":0.7718357828231887,"matrix":[[0.7718346608009575,0.001316067078573176,-0.6720969082038982],[-0.001316067078573176,0.7718346608009576,2.8560419162158053],[0,0,1]]},"document_type":{"classification":"B","confidence":0.999969244003296},"delivery_tag":"Aarhus_kasse2_omegn"},{"image_id":"DSC_0021.JPG","processed":true,"shape":{"width":4000,"height":6000},"regions":{"death_date":[[1362.73169805284,2436.5133344749365],[1362.4231020000977,2666.6539689639853],[2804.377698883459,2668.5874888650656],[2804.686294936201,2438.4468543760167]],"birth_place":[[2546.056086444772,1382.3117446830456],[2545.7492338725538,1611.15214959871],[3715.9558499185637,1612.7212820702807],[3716.262702490782,1383.8808771546164]],"death_signs":[[1360.0000709692783,3504.0000707430513],[1363.396893818005,3879.7716478927305],[3712.911732923716,3882.92211719954],[3713.415598795143,3507.1557704914326]],"residence":[[1363.1396724954486,2132.259614302974],[1362.73169805284,2436.5133344749365],[3714.8469963053203,2439.667290742794],[3715.254970747929,2135.413570570832]],"death_location":[[1362.4231020000977,2666.6539689639853],[1360.716641464629,2969.60571608204],[3714.1321692904935,2972.7614158304214],[3714.538400252578,2669.807925231843]],"death_cause":[[1360.716641464629,2969.60571608204],[1362.9143566103614,3269.9622344948966],[3713.729425289457,3273.1144472822302],[3714.1321692904935,2972.7614158304214]],"occupation":[[1362.5403220926992,1609.5655823218992],[1363.1396724954486,2132.259614302974],[3715.254970747929,2135.413570570832],[3715.9558499185637,1612.7212820702807]],"disease_duration":[[1362.9143566103614,3269.9622344948966],[1360.0000709692783,3504.0000707430513],[3713.415598795143,3507.1557704914326],[3713.729425289457,3273.1144472822302]],"death_age":[[2804.686294936201,2438.4468543760167],[2804.377698883459,2668.5874888650656],[3714.538400252578,2669.807925231843],[3714.8469963053203,2439.667290742794]],"name":[[1360.761042272719,997.1539662967728],[1362.8471746649175,1380.725177406235],[3716.262702490782,1383.8808771546164],[3716.7770292453524,1000.313153006202]],"birth_date":[[1362.8471746649175,1380.725177406235],[1362.5403220926992,1609.5655823218992],[2545.7492338725538,1611.15214959871],[2546.056086444772,1382.3117446830456]]},"transform":{"rotation":0.0013409012644542884,"translation":[56.648621870845105,12.429954372060791],"scale":1.3002307423022503,"matrix":[[1.3002295733844556,-0.001743480523967611,56.648621870845105],[0.001743480523967611,1.3002295733844556,12.429954372060791],[0,0,1]]},"inverse_transform":{"rotation":-0.0013409012644542884,"translation":[-43.58090947725828,-9.501377416769108],"scale":0.7690942595537718,"matrix":[[0.7690935681319059,0.0010312791560773504,-43.58090947725828],[-0.0010312791560773504,0.7690935681319059,-9.501377416769108],[0,0,1]]},"document_type":{"classification":"B","confidence":0.999929428100586},"delivery_tag":"Aarhus_kasse2_omegn"},{"image_id":"DSC_0022.JPG","processed":true,"shape":{"width":4000,"height":6000},"regions":{"death_date":[[1403.3028534950151,2415.8445967616426],[1399.901300054114,2646.28867584904],[2843.757140211874,2667.60123384881],[2847.1586936527747,2437.1571547614126]],"birth_place":[[2602.3747703563477,1376.13510443855],[2598.9924347314964,1605.2772395763009],[3770.741989413177,1622.5732740215606],[3774.1243250380285,1393.4311388838096]],"death_signs":[[1386.2230825680817,3484.7213616052145],[1384.5749655784873,3861.04081650115],[3737.1876825893733,3895.7674101040216],[3742.741631427907,3519.505608656237]],"residence":[[1407.7998224507826,2111.1897125444057],[1403.3028534950151,2415.8445967616426],[3758.5194584051933,2450.609625996615],[3763.0164273609616,2145.954741779378]],"death_location":[[1399.901300054114,2646.28867584904],[1394.1216049647505,2949.6223983005802],[3750.6401538245755,2984.406645351603],[3755.1179049642924,2681.053705084012]],"death_cause":[[1394.1216049647505,2949.6223983005802],[1392.2861773564264,3250.409886300979],[3746.2008383169587,3285.155697719901],[3750.6401538245755,2984.406645351603]],"occupation":[[1414.2234405533525,1587.789026970538],[1407.7998224507826,2111.1897125444057],[3763.0164273609616,2145.954741779378],[3770.741989413177,1622.5732740215606]],"disease_duration":[[1392.2861773564264,3250.409886300979],[1386.2230825680817,3484.7213616052145],[3742.741631427907,3519.505608656237],[3746.2008383169587,3285.155697719901]],"death_age":[[2847.1586936527747,2437.1571547614126],[2843.757140211874,2667.60123384881],[3755.1179049642924,2681.053705084012],[3758.5194584051933,2450.609625996615]],"name":[[1420.671144013746,974.5349910550245],[1417.6057761782033,1358.646891832787],[3774.1243250380285,1393.4311388838096],[3779.7935807728636,1009.3576737381476]],"birth_date":[[1417.6057761782033,1358.646891832787],[1414.2234405533525,1587.789026970538],[2598.9924347314964,1605.2772395763009],[2602.3747703563477,1376.13510443855]]},"transform":{"rotation":0.014759790920608062,"translation":[128.0480875028668,-29.029322192077313],"scale":1.302085777694535,"matrix":[[1.301943949646312,-0.01921781605028872,128.0480875028668],[0.01921781605028872,1.301943949646312,-29.029322192077313],[0,0,1]]},"inverse_transform":{"rotation":-0.014759790920608062,"translation":[-98.00098506826347,23.743485350705058],"scale":0.7679985582598052,"matrix":[[0.76791490498717,0.011335086575983134,-98.00098506826347],[-0.011335086575983134,0.7679149049871701,23.743485350705058],[0,0,1]]},"document_type":{"classification":"B","confidence":0.999897003173828},"delivery_tag":"Aarhus_kasse2_omegn"},{"image_id":"DSC_0023.JPG","processed":true,"shape":{"width":4000,"height":6000},"regions":{"death_date":[[1345.592525651602,2420.4955369256018],[1348.2723750921907,2650.3082545031525],[2788.172396524414,2633.517559420594],[2785.4925470838252,2403.704841843043]],"birth_place":[[2513.523161426943,1352.4508487082792],[2516.187870475212,1580.9651893503633],[3684.7271123949604,1567.3388362626238],[3682.062403346691,1338.8244956205397]],"death_signs":[[1356.7244108106179,3486.4781413358255],[1364.995114997413,3861.663654508652],[3711.1622373851746,3834.3049655869354],[3706.7866640047782,3459.0740312371495]],"residence":[[1342.0496738487898,2116.675334026467],[1345.592525651602,2420.4955369256018],[3694.356401910296,2393.106567219246],[3690.813550107484,2089.2863643201113]],"death_location":[[1348.2723750921907,2650.3082545031525],[1350.5017095672167,2952.8452208591407],[3700.5639627613773,2925.4411107604647],[3697.036251350885,2622.9192847967965]],"death_cause":[[1350.5017095672167,2952.8452208591407],[1356.5958940640026,3252.7400121672363],[3704.0613933872305,3225.3661828532],[3700.5639627613773,2925.4411107604647]],"occupation":[[1334.6648592007998,1594.7429463612996],[1342.0496738487898,2116.675334026467],[3690.813550107484,2089.2863643201113],[3684.7271123949604,1567.3388362626238]],"disease_duration":[[1356.5958940640026,3252.7400121672363],[1356.7244108106179,3486.4781413358255],[3706.7866640047782,3459.0740312371495],[3704.0613933872305,3225.3661828532]],"death_age":[[2785.4925470838252,2403.704841843043],[2788.172396524414,2633.517559420594],[3697.036251350885,2622.9192847967965],[3694.356401910296,2393.106567219246]],"name":[[1324.9369805472834,983.2376905412708],[1332.0001501525308,1366.2286057192155],[3682.062403346691,1338.8244956205397],[3677.5959876123766,955.8032996579557]],"birth_date":[[1332.0001501525308,1366.2286057192155],[1334.6648592007998,1594.7429463612996],[2516.187870475212,1580.9651893503633],[2513.523161426943,1352.4508487082792]]},"transform":{"rotation":-0.011660486028639616,"translation":[9.920400745329808,16.865681217671476],"scale":1.2984652086331312,"matrix":[[1.298376935466387,0.015140392319710382,9.920400745329808],[-0.015140392319710382,1.298376935466387,16.865681217671476],[0,0,1]]},"inverse_transform":{"rotation":0.011660486028639618,"translation":[-7.4881241957376234,-13.077137995858385],"scale":0.7701400032525171,"matrix":[[0.7700876470580873,-0.008980003247542244,-7.4881241957376234],[0.008980003247542246,0.7700876470580872,-13.077137995858385],[0,0,1]]},"document_type":{"classification":"B","confidence":0.9999754428863524},"delivery_tag":"Aarhus_kasse2_omegn"},{"image_id":"DSC_0025.JPG","processed":true,"shape":{"width":4000,"height":6000},"regions":{"death_date":[[1357.0689440782521,2424.2066563003077],[1357.2321477421758,2654.004188462814],[2797.0370243987827,2652.9816299131458],[2796.8738207348592,2423.1840977506395]],"birth_place":[[2536.4668839687165,1369.1561012355528],[2536.629165578042,1597.6553422558982],[3705.0911935229888,1596.8254931173033],[3704.9289119136633,1368.326252096958]],"death_signs":[[1356.527659761409,3490.1046060691306],[1360.6890069668411,3865.3079799898796],[3706.7011008518625,3863.6418273305007],[3706.434627072914,3488.4356872459566]],"residence":[[1356.8531833022173,2120.4065290346216],[1357.0689440782521,2424.2066563003077],[3705.6776202475958,2422.5386595317323],[3705.461859471561,2118.738532266046]],"death_location":[[1357.2321477421758,2654.004188462814],[1356.1486953214508,2956.5069466409377],[3706.055662632956,2954.8380278177638],[3705.8408239115192,2652.3361916942386]],"death_cause":[[1356.1486953214508,2956.5069466409377],[1358.9582722180123,3256.4103563709446],[3706.268657245195,3254.743281656967],[3706.055662632956,2954.8380278177638]],"occupation":[[1355.1842262114837,1598.4944119404774],[1356.8531833022173,2120.4065290346216],[3705.461859471561,2118.738532266046],[3705.0911935229888,1596.8254931173033]],"disease_duration":[[1358.9582722180123,3256.4103563709446],[1356.527659761409,3490.1046060691306],[3706.434627072914,3488.4356872459566],[3706.268657245195,3254.743281656967]],"death_age":[[2796.8738207348592,2423.1840977506395],[2797.0370243987827,2652.9816299131458],[3705.8408239115192,2652.3361916942386],[3705.6776202475958,2422.5386595317323]],"name":[[1352.1533562112973,987.0011280918185],[1355.0219446021586,1369.995170920132],[3704.9289119136633,1368.326252096958],[3704.656905807124,985.3303651594474]],"birth_date":[[1355.0219446021586,1369.995170920132],[1355.1842262114837,1598.4944119404774],[2536.629165578042,1597.6553422558982],[2536.4668839687165,1369.1561012355528]]},"transform":{"rotation":-0.0007102062191366822,"translation":[47.97197620518082,6.418767434895475],"scale":1.2982914695855212,"matrix":[[1.2982911421610523,0.0009220545984387739,47.97197620518082],[-0.0009220545984387739,1.2982911421610523,6.418767434895475],[0,0,1]]},"inverse_transform":{"rotation":0.0007102062191366822,"translation":[-36.94656137112662,-4.970252027571603],"scale":0.7702430643861886,"matrix":[[0.7702428701336403,-0.0005470313685875104,-36.94656137112662],[0.0005470313685875104,0.7702428701336403,-4.970252027571603],[0,0,1]]},"document_type":{"classification":"B","confidence":0.9999377727508544},"delivery_tag":"Aarhus_kasse2_omegn"},{"image_id":"DSC_0024.JPG","processed":true,"shape":{"width":4000,"height":6000},"regions":{"death_date":[[1353.559345590465,2436.1514639217335],[1353.852927154471,2666.227864183356],[2795.40506212701,2664.388418112833],[2795.111480563004,2434.3120178512104]],"birth_place":[[2533.7913207760134,1379.1520138984629],[2534.0832436871156,1607.9285474919407],[3703.9632450173995,1606.4357598783515],[3703.6713221062973,1377.6592262848737]],"death_signs":[[1353.6212329564946,3503.3436571214856],[1358.0001836501815,3879.000148256609],[3706.859252987763,3876.0029624591025],[3706.3799022985104,3500.341495365267]],"residence":[[1353.1712208109318,2131.9826635758595],[1353.559345590465,2436.1514639217335],[3705.018148264336,2433.1509608184188],[3704.6300234848027,2128.982160472545]],"death_location":[[1353.852927154471,2666.227864183356],[1352.9395266129554,2969.0984565139893],[3705.698195954971,2966.0962947577705],[3705.311729828342,2663.227361080041]],"death_cause":[[1352.9395266129554,2969.0984565139893],[1355.9224087700663,3269.3643395496206],[3706.0813447757923,3266.36549509921],[3705.698195954971,2966.0962947577705]],"occupation":[[1351.204575675384,1609.4379216345699],[1353.1712208109318,2131.9826635758595],[3704.6300234848027,2128.982160472545],[3703.9632450173995,1606.4357598783515]],"disease_duration":[[1355.9224087700663,3269.3643395496206],[1353.6212329564946,3503.3436571214856],[3706.3799022985104,3500.341495365267],[3706.0813447757923,3266.36549509921]],"death_age":[[2795.111480563004,2434.3120178512104],[2795.40506212701,2664.388418112833],[3705.311729828342,2663.227361080041],[3705.018148264336,2433.1509608184188]],"name":[[1347.823616821316,997.204038244196],[1350.912652764282,1380.661388041092],[3703.6713221062973,1377.6592262848737],[3703.182019499621,994.1985591821694]],"birth_date":[[1350.912652764282,1380.661388041092],[1351.204575675384,1609.4379216345699],[2534.0832436871156,1607.9285474919407],[2533.7913207760134,1379.1520138984629]]},"transform":{"rotation":-0.0012760170288375664,"translation":[41.50354040856174,16.170124642361415],"scale":1.299867726379579,"matrix":[[1.2998666681447602,0.0016586529039881387,41.50354040856174],[-0.0016586529039881387,1.2998666681447602,16.170124642361415],[0,0,1]]},"inverse_transform":{"rotation":0.0012760170288375664,"translation":[-31.91314964551549,-12.480555027886652],"scale":0.7693090456097582,"matrix":[[0.7693084193078645,-0.0009816511762461857,-31.91314964551549],[0.0009816511762461857,0.7693084193078644,-12.480555027886652],[0,0,1]]},"document_type":{"classification":"B","confidence":0.9999561309814452},"delivery_tag":"Aarhus_kasse2_omegn"},{"image_id":"DSC_0026.JPG","processed":true,"shape":{"width":4000,"height":6000},"regions":{"death_date":[[1319.0822717051408,2410.79023020241],[1320.5611568539894,2640.49755753578],[2759.8008518410365,2631.2315483263274],[2758.321966692188,2401.5242209929575]],"birth_place":[[2491.9811745591987,1349.3966912476087],[2493.45170442472