[{"image_id":"DSC_0003.JPG","processed":true,"shape":{"width":4000,"height":6000},"regions":{"death_date":[[1416.2895782745122,2420.516828098646],[1411.868322356811,2653.069840432633],[2868.9377612177823,2680.771381747496],[2873.3590171354836,2448.2183694135088]],"birth_place":[[2630.870075544387,1376.369232697475],[2626.4737984736785,1607.6083862047165],[3808.9467425448,1630.0893484981127],[3813.3430196155086,1398.8501949908712]],"death_signs":[[1394.4680860667909,3499.169946009865],[1391.1907757661484,3878.950083480348],[3765.3336756956114,3924.0868599960886],[3772.552562476491,3544.381659066584]],"residence":[[1422.1346284707954,2113.073862640154],[1416.2895782745122,2420.516828098646],[3793.060195857467,2465.703562308372],[3798.90524605375,2158.26059684988]],"death_location":[[1411.868322356811,2653.069840432633],[1404.734392180775,2959.173968217386],[3782.818868590475,3004.385681274105],[3788.638939939766,2698.2565746423593]],"death_cause":[[1404.734392180775,2959.173968217386],[1401.5919961789614,3262.725314889626],[3777.04875493517,3307.8870702523595],[3782.818868590475,3004.385681274105]],"occupation":[[1430.8622661350998,1584.8776354413937],[1422.1346284707954,2113.073862640154],[3798.90524605375,2158.26059684988],[3808.9467425448,1630.0893484981127]],"disease_duration":[[1401.5919961789614,3262.725314889626],[1394.4680860667909,3499.169946009865],[3772.552562476491,3544.381659066584],[3777.04875493517,3307.8870702523595]],"death_age":[[2873.3590171354836,2448.2183694135088],[2868.9377612177823,2680.771381747496],[3788.638939939766,2698.2565746423593],[3793.060195857467,2465.703562308372]],"name":[[1439.9995854151523,966.0001703501879],[1435.2585432058086,1353.6384819341522],[3813.3430196155086,1398.8501949908712],[3820.7117794783444,1011.2618411008922]],"birth_date":[[1435.2585432058086,1353.6384819341522],[1430.8622661350998,1584.8776354413937],[2626.4737984736785,1607.6083862047165],[2630.870075544387,1376.369232697475]]},"transform":{"rotation":0.019009529492785258,"translation":[139.76933168893171,-52.35586505018738],"scale":1.3140962519597437,"matrix":[[1.3138588267456908,-0.024978846992662444,139.76933168893171],[0.024978846992662444,1.3138588267456908,-52.35586505018738],[0,0,1]]},"inverse_transform":{"rotation":-0.019009529492785258,"translation":[-105.5850194723438,41.85629078012716],"scale":0.7609792650338024,"matrix":[[0.7608417745991246,0.014464986562072913,-105.5850194723438],[-0.014464986562072913,0.7608417745991246,41.85629078012716],[0,0,1]]},"document_type":{"classification":"B","confidence":0.9996758699417114},"delivery_tag":"Aarhus_kasse5_omegn"},{"image_id":"DSC_0005.JPG","processed":true,"shape":{"width":4000,"height":6000},"regions":{"death_date":[[1391.934006471383,2305.4375882328227],[1387.176851845017,2537.015174920167],[2838.134725496232,2566.821301929432],[2842.891880122598,2335.243715242088]],"birth_place":[[2603.0460734510743,1267.4898660025574],[2598.315795404518,1497.7591047425158],[3775.8289480520325,1521.948026571496],[3780.5592260985886,1291.6787878315376]],"death_signs":[[1368.5599865000052,3379.5643764570227],[1364.7176987770797,3757.757562991043],[3728.902439703811,3806.3235427076734],[3736.6697712688947,3428.210985913083]],"residence":[[1398.223126146918,1999.2841685444691],[1391.934006471383,2305.4375882328227],[3758.735443292887,2354.0573211090727],[3765.0245629684214,2047.9039014207192]],"death_location":[[1387.176851845017,2537.015174920167],[1379.6062608019063,2841.8333700813246],[3747.716045570796,2890.4799795373847],[3753.9782886665207,2585.634907796417]],"death_cause":[[1379.6062608019063,2841.8333700813246],[1376.0144667605734,3144.11549908714],[3741.507555634691,3192.70835538358],[3747.716045570796,2890.4799795373847]],"occupation":[[1407.7191632831432,1473.301417115436],[1398.223126146918,1999.2841685444691],[3765.0245629684214,2047.9039014207192],[3775.8289480520325,1521.948026571496]],"disease_duration":[[1376.0144667605734,3144.11549908714],[1368.5599865000052,3379.5643764570227],[3736.6697712688947,3428.210985913083],[3741.507555634691,3192.70835538358]],"death_age":[[2842.891880122598,2335.243715242088],[2838.134725496232,2566.821301929432],[3753.9782886665207,2585.634907796417],[3758.735443292887,2354.0573211090727]],"name":[[1417.7613364788704,857.0157807369501],[1412.4494413296993,1243.0321783754775],[3780.5592260985886,1291.6787878315376],[3788.487817142532,905.7161433526302]],"birth_date":[[1412.4494413296993,1243.0321783754775],[1407.7191632831432,1473.301417115436],[2598.315795404518,1497.7591047425158],[2603.0460734510743,1267.4898660025574]]},"transform":{"rotation":0.020539490490373097,"translation":[124.4986916395423,-159.07935361617965],"scale":1.3086239727178215,"matrix":[[1.3083479473861268,-0.02687657980997794,124.4986916395423],[0.02687657980997794,1.3083479473861268,-159.07935361617965],[0,0,1]]},"inverse_transform":{"rotation":-0.020539490490373097,"translation":[-92.62038200286293,123.49059975054723],"scale":0.764161455733648,"matrix":[[0.7640002727477907,0.015694383398830593,-92.62038200286293],[-0.015694383398830593,0.7640002727477906,123.49059975054723],[0,0,1]]},"document_type":{"classification":"B","confidence":0.9999892711639404},"delivery_tag":"Aarhus_kasse5_omegn"},{"image_id":"DSC_0008.JPG","processed":true,"shape":{"width":4000,"height":6000},"regions":{"death_date":[[1412.4629856942233,2372.110471815141],[1408.4670453274916,2604.4222585859666],[2864.02507656391,2629.4589696972976],[2868.021016930642,2397.147182926472]],"birth_place":[[2623.8534814708732,1326.8852680606128],[2619.8801170384168,1557.8845588609822],[3801.1264904493964,1578.2028997087712],[3805.099854881853,1347.2036089084017]],"death_signs":[[1392.6156476837282,3449.6470876257704],[1390.02869058953,3829.0261508905664],[3761.708909204686,3869.8208641260712],[3768.2333542102538,3490.5095286641013]],"residence":[[1417.7457543146484,2064.986414728286],[1412.4629856942233,2372.110471815141],[3786.7681962502925,2412.9503369191966],[3792.0509648707175,2105.8262798323417]],"death_location":[[1408.4670453274916,2604.4222585859666],[1401.8943566708851,2910.21124376809],[3777.5120631974105,2951.0736848064207],[3782.7722558835603,2645.2621236900222]],"death_cause":[[1401.8943566708851,2910.21124376809],[1399.3043077941993,3213.442964812125],[3772.2970223798116,3254.2602539819054],[3777.5120631974105,2951.0736848064207]],"occupation":[[1425.5087839228709,1537.34045867044],[1417.7457543146484,2064.986414728286],[3792.0509648707175,2105.8262798323417],[3801.1264904493964,1578.2028997087712]],"disease_duration":[[1399.3043077941993,3213.442964812125],[1392.6156476837282,3449.6470876257704],[3768.2333542102538,3490.5095286641013],[3772.2970223798116,3254.2602539819054]],"death_age":[[2868.021016930642,2397.147182926472],[2864.02507656391,2629.4589696972976],[3782.7722558835603,2645.2621236900222],[3786.7681962502925,2412.9503369191966]],"name":[[1433.5170570256337,919.10970471681],[1429.4821483553274,1306.3411678700706],[3805.099854881853,1347.2036089084017],[3811.7597554930726,960.0172976236918]],"birth_date":[[1429.4821483553274,1306.3411678700706],[1425.5087839228709,1537.34045867044],[2619.8801170384168,1557.8845588609822],[2623.8534814708732,1326.8852680606128]]},"transform":{"rotation":0.017199068562892723,"translation":[132.83850899930567,-95.80348696083527],"scale":1.312690117763264,"matrix":[[1.3124959704566441,-0.022575934275321053,132.83850899930567],[0.022575934275321053,1.3124959704566441,-95.80348696083527],[0,0,1]]},"inverse_transform":{"rotation":-0.01719906856289272,"translation":[-99.92549715868488,74.71215197940886],"scale":0.7617944147427065,"matrix":[[0.7616817450944636,0.013101508425950996,-99.92549715868488],[-0.013101508425950995,0.7616817450944635,74.71215197940886],[0,0,1]]},"document_type":{"classification":"B","confidence":0.9999504089355468},"delivery_tag":"Aarhus_kasse5_omegn"},{"image_id":"DSC_0006.JPG","processed":true,"shape":{"width":4000,"height":6000},"regions":{"death_date":[[1407.018271907454,2312.6587562651152],[1403.0411500538546,2544.936282895105],[2858.3845231197206,2569.85508592133],[2862.3616449733204,2337.5775592913405]],"birth_place":[[2618.146490279111,1267.494079097717],[2614.1918380405036,1498.4593033173676],[3795.264007345535,1518.6819568102467],[3799.218659584142,1287.7167325905962]],"death_signs":[[1387.258415588611,3390.0365655383794],[1384.7016040869146,3769.359370971305],[3756.0320595693497,3809.9619652620077],[3762.525778302063,3430.7065686740584]],"residence":[[1412.2761618156026,2005.579992245807],[1407.018271907454,2312.6587562651152],[3780.973332210567,2353.306289785802],[3786.231222118716,2046.227525766494]],"death_location":[[1403.0411500538546,2544.936282895105],[1396.493427350359,2850.680274889082],[3771.760790063811,2891.350278024761],[3776.9962103569674,2585.5838164157917]],"death_cause":[[1396.493427350359,2850.680274889082],[1393.9275511078647,3153.8670709073576],[3766.5703090006386,3194.4921348130524],[3771.760790063811,2891.350278024761]],"occupation":[[1419.9966446320827,1478.0119536745676],[1412.2761618156026,2005.579992245807],[3786.231222118716,2046.227525766494],[3795.264007345535,1518.6819568102467]],"disease_duration":[[1393.9275511078647,3153.8670709073576],[1387.258415588611,3390.0365655383794],[3762.525778302063,3430.7065686740584],[3766.5703090006386,3194.4921348130524]],"death_age":[[2862.3616449733204,2337.5775592913405],[2858.3845231197206,2569.85508592133],[3776.9962103569674,2585.5838164157917],[3780.973332210567,2353.306289785802]],"name":[[1427.9552284726785,859.8725791749506],[1423.9512968706902,1247.046729454917],[3799.218659584142,1287.7167325905962],[3805.847196006808,900.5875215406136]],"birth_date":[[1423.9512968706902,1247.046729454917],[1419.9966446320827,1478.0119536745676],[2614.1918380405036,1498.4593033173676],[2618.146490279111,1267.494079097717]]},"transform":{"rotation":0.017120611359049822,"translation":[127.39063742641753,-154.78753649333177],"scale":1.3124947618102105,"matrix":[[1.3123024103389236,-0.022469614992087755,127.39063742641753],[0.022469614992087755,1.3123024103389236,-154.78753649333177],[0,0,1]]},"inverse_transform":{"rotation":-0.017120611359049825,"translation":[-95.0266954517253,119.57819212842453],"scale":0.7619078026801316,"matrix":[[0.7617961419778607,0.013043690141725437,-95.0266954517253],[-0.013043690141725439,0.7617961419778606,119.57819212842453],[0,0,1]]},"document_type":{"classification":"B","confidence":0.9995774626731871},"delivery_tag":"Aarhus_kasse5_omegn"},{"image_id":"DSC_0007.JPG","processed":true,"shape":{"width":4000,"height":6000},"regions":{"death_date":[[1396.5489508620242,2322.060215157658],[1393.3323109144299,2554.2177952081615],[2847.924154281708,2574.37177092501],[2851.1407942293026,2342.2141908745066]],"birth_place":[[2603.5724079431216,1273.5402756737853],[2600.373941102576,1504.3862309782407],[3780.8362125458134,1520.7420273219411],[3784.034679386359,1289.8960720174857]],"death_signs":[[1380.3172052291118,3398.885958556052],[1379.0000515302233,3778.0000294850815],[3749.105967639035,3810.838833921822],[3754.3579955760674,3431.779282313938]],"residence":[[1400.8014579113863,2015.1400245824166],[1396.5489508620242,2322.060215157658],[3769.278116462932,2354.9353658084956],[3773.530623512294,2048.015175233254]],"death_location":[[1393.3323109144299,2554.2177952081615],[1387.7863522260682,2859.8081879303068],[3761.827142573024,2892.7015116881926],[3766.0614765153373,2587.092945858999]],"death_cause":[[1387.7863522260682,2859.8081879303068],[1386.2116139899479,3162.829850481501],[3757.6291548448075,3195.68682802529],[3761.827142573024,2892.7015116881926]],"occupation":[[1406.7954221988575,1487.848703564055],[1400.8014579113863,2015.1400245824166],[3773.530623512294,2048.015175233254],[3780.8362125458134,1520.7420273219411]],"disease_duration":[[1386.2116139899479,3162.829850481501],[1380.3172052291118,3398.885958556052],[3754.3579955760674,3431.779282313938],[3757.6291548448075,3195.68682802529]],"death_age":[[2851.1407942293026,2342.2141908745066],[2847.924154281708,2574.37177092501],[3766.0614765153373,2587.092945858999],[3769.278116462932,2354.9353658084956]],"name":[[1412.7317061266313,870.0371019613303],[1409.9938890394033,1257.0027482595997],[3784.034679386359,1289.8960720174857],[3789.395745965683,902.9667719333133]],"birth_date":[[1409.9938890394033,1257.0027482595997],[1406.7954221988575,1487.848703564055],[2600.373941102576,1504.3862309782407],[2603.5724079431216,1273.5402756737853]]},"transform":{"rotation":0.013854529906198105,"translation":[109.59933002310555,-139.79700552773915],"scale":1.31175063798932,"matrix":[[1.3116247460480417,-0.01817310704855576,109.59933002310555],[0.01817310704855576,1.3116247460480417,-139.79700552773915],[0,0,1]]},"inverse_transform":{"rotation":-0.013854529906198105,"translation":[-82.06746660124696,107.72015914551243],"scale":0.7623400142063751,"matrix":[[0.7622668505565753,0.01056152464069377,-82.06746660124696],[-0.01056152464069377,0.7622668505565754,107.72015914551243],[0,0,1]]},"document_type":{"classification":"B","confidence":0.9998095631599426},"delivery_tag":"Aarhus_kasse5_omegn"},{"image_id":"DSC_0010.JPG","processed":true,"shape":{"width":4000,"height":6000},"regions":{"death_date":[[1408.8158951145906,2318.3376668590645],[1403.8117049509049,2550.097190161242],[2855.909509143643,2581.45112740151],[2860.9136993073284,2349.6916040993324]],"birth_place":[[2621.995607513415,1280.8239715902641],[2617.0196896105413,1511.274119054576],[3795.4579436894087,1536.719153785181],[3800.4338615922825,1306.2690063208693]],"death_signs":[[1384.2949931502508,3393.306957485753],[1380.0524372892417,3771.801391411292],[3746.094576312035,3822.889366698185],[3754.26525968664,3444.4797495550815]],"residence":[[1415.431604144548,2011.9437207985588],[1408.8158951145906,2318.3376668590645],[3777.4767858131145,2369.482186667581],[3784.0924948430716,2063.0882406070755]],"death_location":[[1403.8117049509049,2550.097190161242],[1395.9148923438938,2855.1534881230705],[3765.885158880283,2906.326280192399],[3772.472595649429,2601.2417099697586]],"death_cause":[[1395.9148923438938,2855.1534881230705],[1392.0027517721028,3157.6758511916037],[3759.354266632761,3208.792098739308],[3765.885158880283,2906.326280192399]],"occupation":[[1425.4876771530194,1485.546361715853],[1415.431604144548,2011.9437207985588],[3784.0924948430716,2063.0882406070755],[3795.4579436894087,1536.719153785181]],"disease_duration":[[1392.0027517721028,3157.6758511916037],[1384.2949931502508,3393.306957485753],[3754.26525968664,3444.4797495550815],[3759.354266632761,3208.792098739308]],"death_age":[[2860.9136993073284,2349.6916040993324],[2855.909509143643,2581.45112740151],[3772.472595649429,2601.2417099697586],[3777.4767858131145,2369.482186667581]],"name":[[1436.1851603196385,868.773797559622],[1430.4635950558934,1255.0962142515411],[3800.4338615922825,1306.2690063208693],[3808.774178531759,920.0031341505737]],"birth_date":[[1430.4635950558934,1255.0962142515411],[1425.4876771530194,1485.546361715853],[2617.0196896105413,1511.274119054576],[2621.995607513415,1280.8239715902641]]},"transform":{"rotation":0.021588811638080626,"translation":[142.94564827647682,-149.49968572165744],"scale":1.3096810319757823,"matrix":[[1.3093758378654086,-0.02827226081178349,142.94564827647682],[0.02827226081178349,1.3093758378654086,-149.49968572165744],[0,0,1]]},"inverse_transform":{"rotation":-0.021588811638080626,"translation":[-106.6557921255682,116.47922749388322],"scale":0.7635446918639432,"matrix":[[0.7633667635460746,0.016482742089700998,-106.6557921255682],[-0.016482742089700998,0.7633667635460746,116.47922749388322],[0,0,1]]},"document_type":{"classification":"B","confidence":0.999959111213684},"delivery_tag":"Aarhus_kasse5_omegn"},{"image_id":"DSC_0011.JPG","processed":true,"shape":{"width":4000,"height":6000},"regions":{"death_date":[[1418.3927699132917,2316.878053816229],[1412.7438521047056,2548.339607227628],[2862.9747150043754,2583.7331092034574],[2868.623632812961,2352.2715557920583]],"birth_place":[[2632.999963763763,1284.04237538656],[2627.382960745056,1514.1962364058043],[3804.3061136843735,1542.9195472969193],[3809.9231167030803,1312.765686277675]],"death_signs":[[1390.8830350304643,3390.461592985438],[1385.5827379318928,3768.4804386878113],[3748.582890555611,3826.1504639991945],[3757.8062648306463,3448.2273626664582]],"residence":[[1425.8608307449815,2010.8780340520068],[1418.3927699132917,2316.878053816229],[3784.008307321319,2374.6119087073703],[3791.476368153009,2068.6118889431473]],"death_location":[[1412.7438521047056,2548.339607227628],[1404.00001367074,2853.000019809817],[3770.9232434709224,2910.765789490836],[3778.3593895127333,2606.0734621187685]],"death_cause":[[1404.00001367074,2853.000019809817],[1399.243081992997,3155.140791977333],[3763.5509270088696,3212.842732078595],[3770.9232434709224,2910.765789490836]],"occupation":[[1437.3828838841912,1485.1537776158993],[1425.8608307449815,2010.8780340520068],[3791.476368153009,2068.6118889431473],[3804.3061136843735,1542.9195472969193]],"disease_duration":[[1399.243081992997,3155.140791977333],[1390.8830350304643,3390.461592985438],[3757.8062648306463,3448.2273626664582],[3763.5509270088696,3212.842732078595]],"death_age":[[2868.623632812961,2352.2715557920583],[2862.9747150043754,2583.7331092034574],[3778.3593895127333,2606.0734621187685],[3784.008307321319,2374.6119087073703]],"name":[[1449.7993651328986,869.1668313312318],[1442.9998869028982,1254.999916596655],[3809.9231167030803,1312.765686277675],[3819.33797971739,926.9964305920096]],"birth_date":[[1442.9998869028982,1254.999916596655],[1437.3828838841912,1485.1537776158993],[2627.382960745056,1514.1962364058043],[2632.999963763763,1284.04237538656]]},"transform":{"rotation":0.024400582216679692,"translation":[161.00378455801882,-151.4910661763272],"scale":1.3080817812019847,"matrix":[[1.307692392154797,-0.0319147898790165,161.00378455801882],[0.0319147898790165,1.307692392154797,-151.4910661763272],[0,0,1]]},"inverse_transform":{"rotation":-0.024400582216679692,"translation":[-120.22165271453356,118.78016259288052],"scale":0.7644781957601373,"matrix":[[0.7642506263218035,0.018651862089505727,-120.22165271453356],[-0.018651862089505727,0.7642506263218035,118.78016259288052],[0,0,1]]},"document_type":{"classification":"B","confidence":0.9999805688858032},"delivery_tag":"Aarhus_kasse5_omegn"},{"image_id":"DSC_0015.JPG","processed":true,"shape":{"width":4000,"height":6000},"regions":{"death_date":[[1415.4526298496455,2305.143484615844],[1409.904670831799,2537.1563207558343],[2863.589615912302,2571.9172617207596],[2869.1375749301487,2339.9044255807694]],"birth_place":[[2632.4278319611844,1269.2602744551125],[2626.9112173445687,1499.962303611261],[3806.6375028021457,1528.172264718955],[3812.1541174187614,1297.4702355628065]],"death_signs":[[1388.4080694553406,3381.2846739486918],[1383.281958451173,3760.201925482651],[3751.9101782532193,3816.841258506654],[3760.9687102089124,3438.0180401763873]],"residence":[[1422.787219737646,1998.4146503968743],[1415.4526298496455,2305.143484615844],[3786.7024636193755,2361.8455064423088],[3794.0370535073757,2055.116672223339]],"death_location":[[1409.904670831799,2537.1563207558343],[1401.2906183611876,2842.5430035897316],[3773.851259114759,2899.276369817427],[3781.154504601529,2593.858342582299]],"death_cause":[[1401.2906183611876,2842.5430035897316],[1396.671675644563,3145.402105659638],[3766.610702430451,3202.072783084872],[3773.851259114759,2899.276369817427]],"occupation":[[1434.0768620485742,1471.4388984912591],[1422.787219737646,1998.4146503968743],[3794.0370535073757,2055.116672223339],[3806.6375028021457,1528.172264718955]],"disease_duration":[[1396.671675644563,3145.402105659638],[1388.4080694553406,3381.2846739486918],[3760.9687102089124,3438.0180401763873],[3766.610702430451,3202.072783084872]],"death_age":[[2869.1375749301487,2339.9044255807694],[2863.589615912302,2571.9172617207596],[3781.154504601529,2593.858342582299],[3786.7024636193755,2361.8455064423088]],"name":[[1446.2184610605839,853.9861202993322],[1439.5934766651899,1240.7368693351107],[3812.1541174187614,1297.4702355628065],[3821.4007157818387,910.7821753294894]],"birth_date":[[1439.5934766651899,1240.7368693351107],[1434.0768620485742,1471.4388984912591],[2626.9112173445687,1499.962303611261],[2632.4278319611844,1269.2602744551125]]},"transform":{"rotation":0.023907737329918407,"translation":[153.8646166139276,-168.4537383207265],"scale":1.311181688545423,"matrix":[[1.3108069838417522,-0.03134440123077106,153.8646166139276],[0.03134440123077106,1.3108069838417522,-168.4537383207265],[0,0,1]]},"inverse_transform":{"rotation":-0.023907737329918407,"translation":[-114.2432684769105,131.24329309077777],"scale":0.7626708096490908,"matrix":[[0.7624528563766919,0.018231996429997406,-114.2432684769105],[-0.018231996429997406,0.7624528563766919,131.24329309077777],[0,0,1]]},"document_type":{"classification":"B","confidence":0.9996153116226196},"delivery_tag":"Aarhus_kasse5_omegn"},{"image_id":"DSC_0013.JPG","processed":true,"shape":{"width":4000,"height":6000},"regions":{"death_date":[[1446.1971294620034,2325.5045563363205],[1439.8480102946155,2556.461163826494],[2886.9151159816347,2596.2418031295056],[2893.2642351490226,2365.285195639332]],"birth_place":[[2661.423349645543,1298.5813023314315],[2655.110101207915,1528.2330702312652],[3829.4657325138814,1560.516727014593],[3835.7789809515098,1330.8649591147594]],"death_signs":[[1415.4424207393167,3396.741989275671],[1408.9902986099125,3773.948243073198],[3766.8354383542255,3838.766651748168],[3777.20207925465,3461.668010139919]],"residence":[[1454.5908802256686,2020.1720921967694],[1446.1971294620034,2325.5045563363205],[3806.6519483869965,2390.394706470809],[3815.0456991506617,2085.062242331258]],"death_location":[[1439.8480102946155,2556.461163826494],[1430.1852906703698,2860.4529176459464],[3791.9449491857026,2925.378938510194],[3800.3028292196086,2621.3513139609827]],"death_cause":[[1430.1852906703698,2860.4529176459464],[1424.5088312766622,3161.942604473996],[3783.6588106113154,3226.7968838787256],[3791.9449491857026,2925.378938510194]],"occupation":[[1467.7060739985484,1495.590706150345],[1454.5908802256686,2020.1720921967694],[3815.0456991506617,2085.062242331258],[3829.4657325138814,1560.516727014593]],"disease_duration":[[1424.5088312766622,3161.942604473996],[1415.4424207393167,3396.741989275671],[3777.20207925465,3461.668010139919],[3783.6588106113154,3226.7968838787256]],"death_age":[[2893.2642351490226,2365.285195639332],[2886.9151159816347,2596.2418031295056],[3800.3028292196086,2621.3513139609827],[3806.6519483869965,2390.394706470809]],"name":[[1481.9915085344767,880.9395176407038],[1474.019322436177,1265.9389382505115],[3835.7789809515098,1330.8649591147594],[3846.3608462304896,945.9372799644702]],"birth_date":[[1474.019322436177,1265.9389382505115],[1467.7060739985484,1495.590706150345],[2655.110101207915,1528.2330702312652],[2661.423349645543,1298.5813023314315]]},"transform":{"rotation":0.02748360636396846,"translation":[199.05083153114904,-141.5334253345982],"scale":1.3053325498783916,"matrix":[[1.304839590339963,-0.035870729759252984,199.05083153114904],[0.035870729759252984,1.304839590339963,-141.5334253345982],[0,0,1]]},"inverse_transform":{"rotation":-0.02748360636396846,"translation":[-149.45333327269174,112.57661596991444],"scale":0.7660883045421358,"matrix":[[0.765798990882534,0.021052218874428114,-149.45333327269174],[-0.021052218874428114,0.765798990882534,112.57661596991444],[0,0,1]]},"document_type":{"classification":"B","confidence":0.9999788999557496},"delivery_tag":"Aarhus_kasse5_omegn"},{"image_id":"DSC_0014.JPG","processed":true,"shape":{"width":4000,"height":6000},"regions":{"death_date":[[1445.409559877701,2318.493171553414],[1439.000058454673,2550.0000166359614],[2889.514697983179,2590.158983179113],[2895.9241994062068,2358.6521380965655]],"birth_place":[[2663.738584372247,1289.3557624376137],[2657.365294821665,1519.554659242859],[3834.518744393942,1552.1453444446952],[3840.892033944524,1321.9464476394498]],"death_signs":[[1414.3716643218345,3392.2824953463446],[1407.830278016708,3770.3881831041153],[3771.29281510238,3835.823036614913],[3781.7580462394144,3457.8259844744816]],"residence":[[1453.8831380301783,2012.4332746646219],[1445.409559877701,2318.493171553414],[3811.487993517978,2384.0004488091045],[3819.9615716704557,2077.9405519203124]],"death_location":[[1439.000058454673,2550.0000166359614],[1429.2547438973397,2854.7157533750046],[3796.641125814919,2920.2592425031416],[3805.07849209495,2615.507293891652]],"death_cause":[[1429.2547438973397,2854.7157533750046],[1423.5056979168069,3156.9242291767823],[3788.2761832797814,3222.3952945600263],[3796.641125814919,2920.2592425031416]],"occupation":[[1467.1323624763625,1486.6018553165582],[1453.8831380301783,2012.4332746646219],[3819.9615716704557,2077.9405519203124],[3834.518744393942,1552.1453444446952]],"disease_duration":[[1423.5056979168069,3156.9242291767823],[1414.3716643218345,3392.2824953463446],[3781.7580462394144,3457.8259844744816],[3788.2761832797814,3222.3952945600263]],"death_age":[[2895.9241994062068,2358.6521380965655],[2889.514697983179,2590.158983179113],[3805.07849209495,2615.507293891652],[3811.487993517978,2384.0004488091045]],"name":[[1481.5722578440518,870.4857929621734],[1473.5056520269438,1256.4029585113128],[3840.892033944524,1321.9464476394498],[3851.574536316237,936.1017058352035]],"birth_date":[[1473.5056520269438,1256.4029585113128],[1467.1323624763625,1486.6018553165582],[2657.365294821665,1519.554659242859],[2663.738584372247,1289.3557624376137]]},"transform":{"rotation":0.02767894190437777,"translation":[195.7683630018539,-154.67982461480997],"scale":1.308449462457277,"matrix":[[1.3079482773025302,-0.03621187244648464,195.7683630018539],[0.03621187244648464,1.3079482773025302,-154.67982461480997],[0,0,1]]},"inverse_transform":{"rotation":-0.02767894190437777,"translation":[-146.28960051946126,122.31159881872375],"scale":0.7642633733227979,"matrix":[[0.7639706318237822,0.02115130051588743,-146.28960051946126],[-0.02115130051588743,0.7639706318237822,122.31159881872375],[0,0,1]]},"document_type":{"classification":"B","confidence":0.9997246861457824},"delivery_tag":"Aarhus_kasse5_omegn"},{"image_id":"DSC_0012.JPG","processed":true,"shape":{"width":4000,"height":6000},"regions":{"death_date":[[1409.2967495990968,2318.9225569282003],[1401.8513257718025,2549.732882731899],[2848.001898180284,2596.382459141329],[2855.447322007578,2365.5721333376305]],"birth_place":[[2628.8011015952798,1298.3005552694854],[2621.3977423093825,1527.8068679330495],[3795.0095684298817,1565.6649551904773],[3802.412927715779,1336.1586425269131]],"death_signs":[[1373.4577479719092,3389.475280436725],[1365.2131349285369,3766.4612715596104],[3721.5648791504723,3842.471897864246],[3733.721531614246,3465.612100365552]],"residence":[[1419.139852286028,2013.7834821368706],[1409.2967495990968,2318.9225569282003],[3768.2565201012994,2395.01731231563],[3778.0996227882306,2089.8782375243004]],"death_location":[[1401.8513257718025,2549.732882731899],[1390.7462744861346,2853.525879841697],[3751.0100581284714,2929.6626997705243],[3760.8110962740056,2625.8276381193286]],"death_cause":[[1390.7462744861346,2853.525879841697],[1383.6373917036624,3154.8370442954197],[3741.2931490657315,3230.8897351414525],[3751.0100581284714,2929.6626997705243]],"occupation":[[1434.7457847875448,1489.5281352616505],[1419.139852286028,2013.7834821368706],[3778.0996227882306,2089.8782375243004],[3795.0095684298817,1565.6649551904773]],"disease_duration":[[1383.6373917036624,3154.8370442954197],[1373.4577479719092,3389.475280436725],[3733.721531614246,3465.612100365552],[3741.2931490657315,3230.8897351414525]],"death_age":[[2855.447322007578,2365.5721333376305],[2848.001898180284,2596.382459141329],[3760.8110962740056,2625.8276381193286],[3768.2565201012994,2395.01731231563]],"name":[[1451.950157505331,875.2538171757951],[1442.149144073442,1260.0218225980864],[3802.412927715779,1336.1586425269131],[3814.8219674279358,951.4747661874162]],"birth_date":[[1442.149144073442,1260.0218225980864],[1434.7457847875448,1489.5281352616505],[2621.3977423093825,1527.8068679330495],[2628.8011015952798,1298.3005552694854]]},"transform":{"rotation":0.03224657707573247,"translation":[174.52175810714667,-152.81291632815459],"scale":1.3046914176481712,"matrix":[[1.304013140133888,-0.04206454139714187,174.52175810714667],[0.04206454139714187,1.304013140133888,-152.81291632815459],[0,0,1]]},"inverse_transform":{"rotation":-0.03224657707573247,"translation":[-129.91898823558333,121.3775337960276],"scale":0.766464764367496,"matrix":[[0.7660662978733284,0.02471158189137516,-129.91898823558333],[-0.024711581891375158,0.7660662978733285,121.3775337960276],[0,0,1]]},"document_type":{"classification":"B","confidence":0.9999747276306152},"delivery_tag":"Aarhus_kasse5_omegn"},{"image_id":"DSC_0016.JPG","processed":true,"shape":{"width":4000,"height":6000},"regions":{"death_date":[[1427.6705077720226,2296.3177002183784],[1421.4066616194596,2527.6313195632974],[2870.7106381929916,2566.8776776604313],[2876.974484345555,2335.5640583155123]],"birth_place":[[2644.338999638762,1267.3187016003321],[2638.1105424475127,1497.3254643387827],[3814.281488269135,1529.1755295213081],[3820.509945460384,1299.1687667828576]],"death_signs":[[1397.309313926828,3369.2115851676776],[1391.0024739265118,3746.9993113210066],[3752.4923618150356,3810.947164415255],[3762.7197716347578,3433.2656051458675]],"residence":[[1435.9515247194795,1990.5132543047569],[1427.6705077720226,2296.3177002183784],[3791.774108873484,2360.3363312352544],[3800.0551258209402,2054.5318853216327]],"death_location":[[1421.4066616194596,2527.6313195632974],[1411.854177026848,2832.093519909137],[3777.2646347347777,2896.1475398873267],[3785.5102627209203,2591.6499505801735]],"death_cause":[[1411.854177026848,2832.093519909137],[1406.2930401762706,3134.048173925981],[3769.089784671263,3198.031415981543],[3777.2646347347777,2896.1475398873267]],"occupation":[[1448.8710305612053,1465.121509543118],[1435.9515247194795,1990.5132543047569],[3800.0551258209402,2054.5318853216327],[3814.281488269135,1529.1755295213081]],"disease_duration":[[1406.2930401762706,3134.048173925981],[1397.309313926828,3369.2115851676776],[3762.7197716347578,3433.2656051458675],[3769.089784671263,3198.031415981543]],"death_age":[[2876.974484345555,2335.5640583155123],[2870.7106381929916,2566.8776776604313],[3785.5102627209203,2591.6499505801735],[3791.774108873484,2360.3363312352544]],"name":[[1462.9255181271237,849.5212699738413],[1455.099487752455,1235.1147468046674],[3820.509945460384,1299.1687667828576],[3830.94968904799,913.646067874659]],"birth_date":[[1455.099487752455,1235.1147468046674],[1448.8710305612053,1465.121509543118],[2638.1105424475127,1497.3254643387827],[2644.338999638762,1267.3187016003321]]},"transform":{"rotation":0.027072836254057476,"translation":[177.59553998610215,-173.99284167549408],"scale":1.3073356755069299,"matrix":[[1.306856606468469,-0.03538896131391715,177.59553998610215],[0.03538896131391715,1.306856606468469,-173.99284167549408],[0,0,1]]},"inverse_transform":{"rotation":-0.027072836254057472,"translation":[-132.19294751921234,136.71814634969672],"scale":0.7649144888608979,"matrix":[[0.7646341883569425,0.020705875133604532,-132.19294751921234],[-0.020705875133604532,0.7646341883569425,136.71814634969672],[0,0,1]]},"document_type":{"classification":"B","confidence":0.9998358488082886},"delivery_tag":"Aarhus_kasse5_omegn"},{"image_id":"DSC_0019.JPG","processed":true,"shape":{"width":4000,"height":6000},"regions":{"death_date":[[1467.962609453739,2344.4619950871643],[1463.7113980471258,2576.7555516436078],[2919.155207205858,2603.391672829675],[2923.406418612471,2371.0981162732314]],"birth_place":[[2680.430556188071,1300.631391950325],[2676.203362924998,1531.6125555318729],[3857.3570403306417,1553.2288847180412],[3861.5842335937145,1322.2477211364933]],"death_signs":[[1446.9313206323504,3421.9126093325503],[1443.9272560739219,3801.2662335078717],[3815.421361709475,3844.6670188849894],[3822.362605192589,3465.3854491402885]],"residence":[[1473.5828550421427,2037.3620389616974],[1467.962609453739,2344.4619950871643],[3842.0815010390825,2387.9108167513623],[3847.7017466274865,2080.810860625895]],"death_location":[[1463.7113980471258,2576.7555516436078],[1456.8027776273673,2882.5190966506398],[3832.234062187606,2925.991936458378],[3837.8302896324694,2620.204373307806]],"death_cause":[[1456.8027776273673,2882.5190966506398],[1453.8793724193742,3185.729910138502],[3826.685871029823,3229.15471365916],[3832.234062187606,2925.991936458378]],"occupation":[[1481.925755770403,1509.7560449103028],[1473.5828550421427,2037.3620389616974],[3847.7017466274865,2080.810860625895],[3857.3570403306417,1553.2288847180412]],"disease_duration":[[1453.8793724193742,3185.729910138502],[1446.9313206323504,3421.9126093325503],[3822.362605192589,3465.3854491402885],[3826.685871029823,3229.15471365916]],"death_age":[[2923.406418612471,2371.0981162732314],[2919.155207205858,2603.391672829675],[3837.8302896324694,2620.204373307806],[3842.0815010390825,2387.9108167513623]],"name":[[1490.6135154280405,891.5709174476023],[1486.1529490334758,1278.7748813287549],[3861.5842335937145,1322.2477211364933],[3868.6695859380698,935.091793542421]],"birth_date":[[1486.1529490334758,1278.7748813287549],[1481.925755770403,1509.7560449103028],[2676.203362924998,1531.6125555318729],[2680.430556188071,1300.631391950325]]},"transform":{"rotation":0.01829898749158768,"translation":[191.1286851496819,-124.71238768748604],"scale":1.3126127348815733,"matrix":[[1.3123929748951595,-0.024018143540186995,191.1286851496819],[0.024018143540186995,1.3123929748951595,-124.71238768748604],[0,0,1]]},"inverse_transform":{"rotation":-0.01829898749158768,"translation":[-143.8464658776128,97.65924932882379],"scale":0.7618393250544091,"matrix":[[0.7617117765435083,0.013940110268217731,-143.8464658776128],[-0.01394011026821773,0.7617117765435084,97.65924932882379],[0,0,1]]},"document_type":{"classification":"B","confidence":0.9999629259109496},"delivery_tag":"Aarhus_kasse5_omegn"},{"image_id":"DSC_0020.JPG","processed":true,"shape":{"width":4000,"height":6000},"regions":{"death_date":[[1436.4491579835797,2305.570061268008],[1427.7521832897569,2536.308572740154],[2873.452800366646,2590.7997870647278],[2882.149775060469,2360.0612755925818]],"birth_place":[[2661.3262787720796,1291.704969071979],[2652.6784395285044,1521.1398731346774],[3825.9251080309396,1565.3617783575053],[3834.5729472745147,1335.9268742948068]],"death_signs":[[1394.8053459208636,3375.7826089738705],[1384.5160230276529,3752.6725566548403],[3740.134611898653,3841.4603152522295],[3754.3347570202054,3464.717773922003]],"residence":[[1447.946853341515,2000.5259274573752],[1436.4491579835797,2305.570061268008],[3794.674961673474,2394.4560907658924],[3806.1726570314095,2089.4119569552595]],"death_location":[[1427.7521832897569,2536.308572740154],[1415.000015972622,2839.999963691092],[3774.5294270719637,2928.9351286392243],[3785.977986979651,2625.1946022380384]],"death_cause":[[1415.000015972622,2839.999963691092],[1406.2569417843238,3141.231546173879],[3763.179138064771,3230.068440221516],[3774.5294270719637,2928.9351286392243]],"occupation":[[1466.3956969315975,1476.4266134093734],[1447.946853341515,2000.5259274573752],[3806.1726570314095,2089.4119569552595],[3825.9251080309396,1565.3617783575053]],"disease_duration":[[1406.2569417843238,3141.231546173879],[1394.8053459208636,3375.7826089738705],[3754.3347570202054,3464.717773922003],[3763.179138064771,3230.068440221516]],"death_age":[[2882.149775060469,2360.0612755925818],[2873.452800366646,2590.7997870647278],[3785.977986979651,2625.1946022380384],[3794.674961673474,2394.4560907658924]],"name":[[1486.9312791793168,862.3292526592704],[1475.043536175173,1246.991709346675],[3834.5729472745147,1335.9268742948068],[3849.0679050975527,951.3626885078977]],"birth_date":[[1475.043536175173,1246.991709346675],[1466.3956969315975,1476.4266134093734],[2652.6784395285044,1521.1398731346774],[2661.3262787720796,1291.704969071979]]},"transform":{"rotation":0.03767407359265076,"translation":[215.25584048155363,-172.52994093135231],"scale":1.3045330852211234,"matrix":[[1.3036074094471501,-0.04913545024758676,215.25584048155363],[0.04913545024758676,1.3036074094471501,-172.52994093135231],[0,0,1]]},"inverse_transform":{"rotation":-0.037674073592650764,"translation":[-159.90758114176813,138.37530426837353],"scale":0.7665577909283123,"matrix":[[0.7660138538028751,0.028872523529499986,-159.90758114176813],[-0.02887252352949999,0.766013853802875,138.37530426837353],[0,0,1]]},"document_type":{"classification":"B","confidence":0.9999722242355348},"delivery_tag":"Aarhus_kasse5_omegn"},{"image_id":"DSC_0021.JPG","processed":true,"shape":{"width":4000,"height":6000},"regions":{"death_date":[[1409.2596554922034,2308.5628773506974],[1404.018270378306,2539.520259169883],[2851.0902276521865,2572.3603500812515],[2856.3316127660837,2341.4029682620658]],"birth_place":[[2619.408044114375,1275.9471995617373],[2614.196271345754,1505.5997374158426],[3788.5558399178835,1532.2508481644732],[3793.7676126865044,1302.5983103103679]],"death_signs":[[1383.643076055317,3379.8101603362197],[1378.999640165719,3756.99890328021],[3736.85268506554,3810.508411194405],[3745.410652850378,3433.408505286244]],"residence":[[1416.1889442868473,2003.2293895219436],[1409.2596554922034,2308.5628773506974],[3769.722388322185,2362.131609955445],[3776.651677116829,2056.7981221266914]],"death_location":[[1404.018270378306,2539.520259169883],[1395.813749963858,2843.5192906882803],[3757.581326758919,2897.1176356383044],[3764.481003208287,2593.088991774631]],"death_cause":[[1395.813749963858,2843.5192906882803],[1391.5829861352033,3144.997471312346],[3750.740875000104,3198.5365915718176],[3757.581326758919,2897.1176356383044]],"occupation":[[1426.7882631228222,1478.6525032144493],[1416.1889442868473,2003.2293895219436],[3776.651677116829,2056.7981221266914],[3788.5558399178835,1532.2508481644732]],"disease_duration":[[1391.5829861352033,3144.997471312346],[1383.643076055317,3379.8101603362197],[3745.410652850378,3433.408505286244],[3750.740875000104,3198.5365915718176]],"death_age":[[2856.3316127660837,2341.4029682620658],[2851.0902276521865,2572.3603500812515],[3764.481003208287,2593.088991774631],[3769.722388322185,2362.131609955445]],"name":[[1438.1259898177786,864.0117709711487],[1432.0000358914433,1248.999965360344],[3793.7676126865044,1302.5983103103679],[3802.5032545430004,917.6693406117251]],"birth_date":[[1432.0000358914433,1248.999965360344],[1426.7882631228222,1478.6525032144493],[2614.196271345754,1505.5997374158426],[2619.408044114375,1275.9471995617373]]},"transform":{"rotation":0.022690270973384906,"translation":[150.4495819061633,-152.18106128680165],"scale":1.3051799355639946,"matrix":[[1.3048439650801444,-0.029612345276256263,150.4495819061633],[0.029612345276256263,1.3048439650801444,-152.18106128680165],[0,0,1]]},"inverse_transform":{"rotation":-0.02269027097338491,"translation":[-112.59606202404186,119.18305859862139],"scale":0.7661778830272009,"matrix":[[0.7659806587617476,0.017383292063426085,-112.59606202404186],[-0.017383292063426085,0.7659806587617476,119.18305859862139],[0,0,1]]},"document_type":{"classification":"B","confidence":0.999947190284729},"delivery_tag":"Aarhus_kasse5_omegn"},{"image_id":"DSC_0027.JPG","processed":true,"shape":{"width":4000,"height":6000},"regions":{"death_date":[[1380.6060077509392,2331.6266422805415],[1376.8415671597202,2562.150877300689],[2821.199627257708,2585.7371180671416],[2824.9640678489272,2355.212883046994]],"birth_place":[[2581.7543433067826,1293.4130697441476],[2578.0111707415026,1522.634907956272],[3750.168297962593,1541.7761313014541],[3753.911470527873,1312.5542930893298]],"deat