[{"image_id":"8011330211-00033.jpg","processed":true,"shape":{"width":4000,"height":6000},"regions":{"death_date":[[1342.4563291694085,2358.6721182148003],[1338.5438474225994,2590.292035205445],[2789.766943143641,2614.8058332687856],[2793.6794248904503,2383.185916278141]],"birth_place":[[2549.9107908807337,1316.1923064150628],[2546.0204135505733,1546.503636304065],[3723.748805028425,1566.3976112878404],[3727.6391823585855,1336.0862813988383]],"death_signs":[[1323.0000159992335,3433.000024246281],[1320.537600892703,3811.248009870782],[3685.154493559901,3851.190690754873],[3691.5426699713576,3473.009018380318]],"residence":[[1347.6287626651902,2052.462736430559],[1342.4563291694085,2358.6721182148003],[3709.6903960398904,2398.6590079321886],[3714.862829535672,2092.449626147947]],"death_location":[[1338.5438474225994,2590.292035205445],[1332.0849312418243,2895.1707254713956],[3700.6275852139484,2935.1797196054326],[3705.7779142930813,2630.278924922833]],"death_cause":[[1332.0849312418243,2895.1707254713956],[1329.5959851992727,3197.4985547840083],[3695.5214649681125,3237.463340084748],[3700.6275852139484,2935.1797196054326]],"occupation":[[1355.206151056301,1526.3886171538031],[1347.6287626651902,2052.462736430559],[3714.862829535672,2092.449626147947],[3723.748805028425,1566.3976112878404]],"disease_duration":[[1329.5959851992727,3197.4985547840083],[1323.0000159992335,3433.000024246281],[3691.5426699713576,3473.009018380318],[3695.5214649681125,3237.463340084748]],"death_age":[[2793.6794248904503,2383.185916278141],[2789.766943143641,2614.8058332687856],[3705.7779142930813,2630.278924922833],[3709.6903960398904,2398.6590079321886]],"name":[[1363.000157094526,909.9998834470969],[1359.0965283864614,1296.077287264801],[3727.6391823585855,1336.0862813988383],[3734.159985269934,950.0530864144312]],"birth_date":[[1359.0965283864614,1296.077287264801],[1355.206151056301,1526.3886171538031],[2546.0204135505733,1546.503636304065],[2549.9107908807337,1316.1923064150628]]},"transform":{"rotation":0.016890212813121853,"translation":[65.88964603227139,-101.48479970953262],"scale":1.3087737802306927,"matrix":[[1.3085871016420576,-0.022104416648639286,65.88964603227139],[0.022104416648639286,1.3085871016420576,-101.48479970953262],[0,0,1]]},"inverse_transform":{"rotation":-0.01689021281312185,"translation":[-49.02774672234613,78.38112520115855],"scale":0.7640739867387423,"matrix":[[0.7639650020879099,0.012904758643837605,-49.02774672234613],[-0.012904758643837604,0.7639650020879099,78.38112520115855],[0,0,1]]},"document_type":{"classification":"B","confidence":0.9997242093086244},"delivery_tag":"Aarhus_kasse6_omegn"},{"image_id":"8011330211-00022.jpg","processed":true,"shape":{"width":4000,"height":6000},"regions":{"death_date":[[1329.9437195274538,2370.4825627962814],[1326.4540741357107,2602.0735294042042],[2777.4957801706632,2623.93803075699],[2780.9854255624064,2392.347064149067]],"birth_place":[[2535.30971220936,1325.9640474034054],[2531.839782328305,1556.2465904711705],[3709.420968470286,1573.9905500902034],[3712.890898351341,1343.7080070224383]],"death_signs":[[1312.4488617126005,3444.6785737551118],[1310.6763497442953,3822.872123392767],[3674.997686809362,3858.4980512056477],[3680.6954693981406,3480.363648100056]],"residence":[[1334.5571490284024,2064.311454399366],[1329.9437195274538,2370.4825627962814],[3696.881903672836,2406.1479216305374],[3701.4953331737847,2099.976813233622]],"death_location":[[1326.4540741357107,2602.0735294042042],[1320.5519366052922,2906.9164987502736],[3688.7985442908325,2942.6015730952176],[3693.392258281093,2637.7388882384603]],"death_cause":[[1320.5519366052922,2906.9164987502736],[1318.6145007167227,3209.201767548091],[3684.2442613219473,3244.8474108716596],[3688.7985442908325,2942.6015730952176]],"occupation":[[1341.1743607847459,1538.3054757452596],[1334.5571490284024,2064.311454399366],[3701.4953331737847,2099.976813233622],[3709.420968470286,1573.9905500902034]],"disease_duration":[[1318.6145007167227,3209.201767548091],[1312.4488617126005,3444.6785737551118],[3680.6954693981406,3480.363648100056],[3684.2442613219473,3244.8474108716596]],"death_age":[[2780.9854255624064,2392.347064149067],[2777.4957801706632,2623.93803075699],[3693.392258281093,2637.7388882384603],[3696.881903672836,2406.1479216305374]],"name":[[1347.843519238391,921.9985573095805],[1344.6442906658012,1308.0229326774945],[3712.890898351341,1343.7080070224383],[3718.7069740042466,957.7230626758999]],"birth_date":[[1344.6442906658012,1308.0229326774945],[1341.1743607847459,1538.3054757452596],[2531.839782328305,1556.2465904711705],[2535.30971220936,1325.9640474034054]]},"transform":{"rotation":0.015067000980790198,"translation":[49.091210999990345,-86.96401178024938],"scale":1.3085720697770677,"matrix":[[1.308423540157757,-0.019715510687814252,49.091210999990345],[0.019715510687814252,1.308423540157757,-86.96401178024938],[0,0,1]]},"inverse_transform":{"rotation":-0.015067000980790198,"translation":[-36.50956850169393,67.01485709870364],"scale":0.7641917652807331,"matrix":[[0.7641050256088426,0.011513642438126236,-36.50956850169393],[-0.011513642438126236,0.7641050256088426,67.01485709870364],[0,0,1]]},"document_type":{"classification":"B","confidence":0.9996455907821656},"delivery_tag":"Aarhus_kasse6_omegn"},{"image_id":"8011330211-002121.jpg","processed":true,"shape":{"width":4000,"height":6000},"regions":{"death_date":[[1288.2033667350022,2441.653284697777],[1286.0030597057046,2671.3262295788195],[2725.0273301750626,2685.112334073119],[2727.2276372043602,2455.4393891920768]],"birth_place":[[2477.8042492471914,1399.3123120775783],[2475.6163733310536,1627.6876696994061],[3643.444906624491,1638.8756715432924],[3645.632782540629,1410.5003139214646]],"death_signs":[[1276.6998355715311,3506.959993400075],[1277.0000056459726,3882.0000046526693],[3621.740183047352,3904.4630261325606],[3625.332774750555,3529.460308219446]],"residence":[[1291.1122472144125,2138.017866041483],[1288.2033667350022,2441.653284697777],[3635.5387186548114,2464.141168403988],[3638.447599134222,2160.505749747694]],"death_location":[[1286.0030597057046,2671.3262295788195],[1281.809023080239,2973.6516298627384],[3630.441962259263,2996.1519446821094],[3633.338411625514,2693.8141132850305]],"death_cause":[[1281.809023080239,2973.6516298627384],[1281.5326104587382,3273.4191489677073],[3627.5703751193323,3295.8946015607585],[3630.441962259263,2996.1519446821094]],"occupation":[[1294.8119674454667,1616.3753567239212],[1291.1122472144125,2138.017866041483],[3638.447599134222,2160.505749747694],[3643.444906624491,1638.8756715432924]],"disease_duration":[[1281.5326104587382,3273.4191489677073],[1276.6998355715311,3506.959993400075],[3625.332774750555,3529.460308219446],[3627.5703751193323,3295.8946015607585]],"death_age":[[2727.2276372043602,2455.4393891920768],[2725.0273301750626,2685.112334073119],[3633.338411625514,2693.8141132850305],[3635.5387186548114,2464.141168403988]],"name":[[1298.0718472253373,1005.1868954073693],[1296.9998433616045,1387.9999991020934],[3645.632782540629,1410.5003139214646],[3649.2999609227913,1027.71207245306]],"birth_date":[[1296.9998433616045,1387.9999991020934],[1294.8119674454667,1616.3753567239212],[2475.6163733310536,1627.6876696994061],[2477.8042492471914,1399.3123120775783]]},"transform":{"rotation":0.009579882034416726,"translation":[4.692160522411506,11.730089828368843],"scale":1.2976468039691342,"matrix":[[1.2975872592149305,-0.0124311131598735,4.692160522411506],[0.0124311131598735,1.2975872592149305,11.730089828368843],[0,0,1]]},"inverse_transform":{"rotation":-0.009579882034416726,"translation":[-3.7023297540296336,-9.004454741109633],"scale":0.7706257179852662,"matrix":[[0.7705903564995212,0.0073823905510204384,-3.7023297540296336],[-0.0073823905510204384,0.7705903564995212,-9.004454741109633],[0,0,1]]},"document_type":{"classification":"B","confidence":0.999842405319214},"delivery_tag":"Aarhus_kasse6_omegn"},{"image_id":"8011330211-001919.jpg","processed":true,"shape":{"width":4000,"height":6000},"regions":{"death_date":[[1291.5702916796358,2440.7680251986053],[1289.151756821666,2670.581767898181],[2729.0582011935853,2685.7351868670426],[2731.476736051555,2455.9214441674667]],"birth_place":[[2482.8953900897254,1398.9018619999545],[2480.4905192705014,1627.4172219724142],[3649.034973675125,1639.714856843447],[3651.439844494349,1411.1994968709873]],"death_signs":[[1279.0537331423884,3506.726580122299],[1278.999974126261,3882.0001803751315],[3625.1775620253215,3906.6910983884163],[3629.1264692227974,3531.4584902518204]],"residence":[[1294.7676767461041,2136.946467053403],[1291.5702916796358,2440.7680251986053],[3640.3446450329284,2465.486271289381],[3643.542030099397,2161.6647131441787]],"death_location":[[1289.151756821666,2670.581767898181],[1284.6696530668266,2973.091279277521],[3634.742389147236,2997.8231894070427],[3637.926110174959,2695.300013988957]],"death_cause":[[1284.6696530668266,2973.091279277521],[1284.1100255708275,3273.0450173188656],[3631.585996197004,3297.749599370896],[3634.742389147236,2997.8231894070427]],"occupation":[[1298.9622375947158,1614.9829467139255],[1294.7676767461041,2136.946467053403],[3643.542030099397,2161.6647131441787],[3649.034973675125,1639.714856843447]],"disease_duration":[[1284.1100255708275,3273.0450173188656],[1279.0537331423884,3506.726580122299],[3629.1264692227974,3531.4584902518204],[3631.585996197004,3297.749599370896]],"death_age":[[2731.476736051555,2455.9214441674667],[2729.0582011935853,2685.7351868670426],[3637.926110174959,2695.300013988957],[3640.3446450329284,2465.486271289381]],"name":[[1302.8012343896573,1003.4173541646816],[1301.36710841394,1386.4675867414658],[3651.439844494349,1411.1994968709873],[3655.470735924299,1028.1765923716944]],"birth_date":[[1301.36710841394,1386.4675867414658],[1298.9622375947158,1614.9829467139255],[2480.4905192705014,1627.4172219724142],[2482.8953900897254,1398.9018619999545]]},"transform":{"rotation":0.010523502856717501,"translation":[9.554989656611621,8.121317564223785],"scale":1.2984546245551543,"matrix":[[1.298382727116248,-0.013664038745591968,9.554989656611621],[0.013664038745591968,1.298382727116248,8.121317564223785],[0,0,1]]},"inverse_transform":{"rotation":-0.010523502856717503,"translation":[-7.4241513957537855,-6.176817901537766],"scale":0.7701462808857078,"matrix":[[0.7701036366961215,0.008104486997688587,-7.4241513957537855],[-0.008104486997688589,0.7701036366961214,-6.176817901537766],[0,0,1]]},"document_type":{"classification":"B","confidence":0.9999359846115112},"delivery_tag":"Aarhus_kasse6_omegn"},{"image_id":"8011330211-002626.jpg","processed":true,"shape":{"width":4000,"height":6000},"regions":{"death_date":[[1225.8675414481802,2376.256868587363],[1224.034046617416,2617.4497397431633],[2735.2368382094064,2628.9375689370486],[2737.0703330401707,2387.7446977812483]],"birth_place":[[2472.947302370231,1279.1836223876744],[2471.1241662673237,1519.0138219550236],[3697.528595873087,1528.336677026707],[3699.351731975994,1288.506477459358]],"death_signs":[[1216.000354288783,3494.9998839776517],[1217.0946967033394,3888.843049223519],[3679.4422570340216,3907.5612704618875],[3682.4359293848174,3513.7491813995925]],"residence":[[1228.291483766818,2057.3917168898647],[1225.8675414481802,2376.256868587363],[3690.940444955764,2394.995807281446],[3693.364387274402,2076.130655583948]],"death_location":[[1224.034046617416,2617.4497397431633],[1220.257791438185,2934.941861124353],[3686.69336653422,2953.691158546294],[3689.106950125,2636.1886784372464]],"death_cause":[[1220.257791438185,2934.941861124353],[1220.5902684800212,3249.739715512214],[3684.3005003991543,3268.46829547844],[3686.69336653422,2953.691158546294]],"occupation":[[1231.0930207770525,1509.5873796047663],[1228.291483766818,2057.3917168898647],[3693.364387274402,2076.130655583948],[3697.528595873087,1528.336677026707]],"disease_duration":[[1220.5902684800212,3249.739715512214],[1216.000354288783,3494.9998839776517],[3682.4359293848174,3513.7491813995925],[3684.3005003991543,3268.46829547844]],"death_age":[[2737.0703330401707,2387.7446977812483],[2735.2368382094064,2628.9375689370486],[3689.106950125,2636.1886784372464],[3690.940444955764,2394.995807281446]],"name":[[1233.2466384209981,867.748343988702],[1232.9161568799593,1269.7571800374171],[3699.351731975994,1288.506477459358],[3702.4075566939346,886.5183588663575]],"birth_date":[[1232.9161568799593,1269.7571800374171],[1231.0930207770525,1509.5873796047663],[2471.1241662673237,1519.0138219550236],[2472.947302370231,1279.1836223876744]]},"transform":{"rotation":0.007601632277895289,"translation":[-127.04443812343915,-172.83153964899464],"scale":1.3627109602604588,"matrix":[[1.362671588450848,-0.010358727857425835,-127.04443812343915],[0.010358727857425835,1.362671588450848,-172.83153964899464],[0,0,1]]},"inverse_transform":{"rotation":-0.00760163227789529,"translation":[94.19059538093026,126.11684749374486],"scale":0.7338313326612323,"matrix":[[0.7338101306100575,0.005578262221386203,94.19059538093026],[-0.005578262221386203,0.7338101306100575,126.11684749374486],[0,0,1]]},"document_type":{"classification":"B","confidence":0.9993002414703368},"delivery_tag":"Aarhus_kasse6_omegn"},{"image_id":"8011330211-002222.jpg","processed":true,"shape":{"width":4000,"height":6000},"regions":{"death_date":[[1356.1107098483697,2384.078694462289],[1356.0992659005972,2615.0897147633013],[2803.507297052137,2615.1614172383274],[2803.5187409999094,2384.1503969373152]],"birth_place":[[2542.5418394484336,1324.3580959543972],[2542.530460155733,1554.063969248059],[3717.16276677105,1554.1221588130038],[3717.1741460637504,1324.416285519342]],"death_signs":[[1354.7524810267753,3455.6043228418557],[1358.649236732972,3832.7920019313233],[3717.0498790150573,3832.908833646718],[3717.068564330912,3455.7213485224665]],"residence":[[1356.1258391352553,2078.6742947423068],[1356.1107098483697,2384.078694462289],[3717.121646145156,2384.195655487828],[3717.1367754320418,2078.7912557678455]],"death_location":[[1356.0992659005972,2615.0897147633013],[1354.7790542614334,2919.188902820861],[3717.09513756557,2919.305928501472],[3717.1102021973834,2615.20667578884]],"death_cause":[[1354.7790542614334,2919.188902820861],[1357.374412954465,3220.6779908289363],[3717.0802022439007,3220.794887199403],[3717.09513756557,2919.305928501472]],"occupation":[[1354.8466834669136,1554.0051331323928],[1356.1258391352553,2078.6742947423068],[3717.1367754320418,2078.7912557678455],[3717.16276677105,1554.1221588130038]],"disease_duration":[[1357.374412954465,3220.6779908289363],[1354.7524810267753,3455.6043228418557],[3717.068564330912,3455.7213485224665],[3717.0802022439007,3220.794887199403]],"death_age":[[2803.5187409999094,2384.1503969373152],[2803.507297052137,2615.1614172383274],[3717.1102021973834,2615.20667578884],[3717.121646145156,2384.195655487828]],"name":[[1352.2668419912006,939.280763360233],[1354.8580627596139,1324.299259838731],[3717.1741460637504,1324.416285519342],[3717.193219310038,939.3979183509883]],"birth_date":[[1354.8580627596139,1324.299259838731],[1354.8466834669136,1554.0051331323928],[2542.530460155733,1554.063969248059],[2542.5418394484336,1324.3580959543972]]},"transform":{"rotation":0.0000495385360758492,"translation":[41.94812584600114,-47.47528788908237],"scale":1.3051470089518105,"matrix":[[1.3051470073503517,-0.0000646550721608013,41.94812584600114],[0.0000646550721608013,1.3051470073503517,-47.47528788908237],[0,0,1]]},"inverse_transform":{"rotation":-0.0000495385360758492,"translation":[-32.13873506246322,36.37702538789351],"scale":0.7661972123761903,"matrix":[[0.7661972114360409,0.00003795628823098845,-32.13873506246322],[-0.00003795628823098845,0.7661972114360408,36.37702538789351],[0,0,1]]},"document_type":{"classification":"B","confidence":0.9998703002929688},"delivery_tag":"Aarhus_kasse6_omegn"},{"image_id":"8011330211-002727.jpg","processed":true,"shape":{"width":4000,"height":6000},"regions":{"death_date":[[1215.3077832077347,2251.907078214992],[1210.0781889476098,2492.5035840335845],[2717.5444316189037,2525.269798917643],[2722.774025879028,2284.6732930990506]],"birth_place":[[2474.904700316897,1175.01068532096],[2469.704651787056,1414.247888846792],[3693.0767152714243,1440.8390461016636],[3698.2767638012656,1201.6018425758316]],"death_signs":[[1189.6914363524745,3367.8647148410046],[1185.2306271789137,3760.7917146396126],[3641.489870196973,3814.180849261338],[3650.028586248815,3421.3424866535797]],"residence":[[1222.2214840940012,1933.830341709056],[1215.3077832077347,2251.907078214992],[3674.2856308113146,2305.355304297284],[3681.1993316975813,1987.278567791348]],"death_location":[[1210.0781889476098,2492.5035840335845],[1201.834731498866,2809.1914725164766],[3662.1718813952066,2862.6692443290517],[3669.05603655119,2545.9518101158765]],"death_cause":[[1201.834731498866,2809.1914725164766],[1197.7282723889698,3123.2493936046976],[3655.3468176997894,3176.6680739567064],[3662.1718813952066,2862.6692443290517]],"occupation":[[1232.7395653750834,1387.3612742890882],[1222.2214840940012,1933.830341709056],[3681.1993316975813,1987.278567791348],[3693.0767152714243,1440.8390461016636]],"disease_duration":[[1197.7282723889698,3123.2493936046976],[1189.6914363524745,3367.8647148410046],[3650.028586248815,3421.3424866535797],[3655.3468176997894,3176.6680739567064]],"death_age":[[2722.774025879028,2284.6732930990506],[2717.5444316189037,2525.269798917643],[3669.05603655119,2545.9518101158765],[3674.2856308113146,2305.355304297284]],"name":[[1243.9369997529457,747.0708029383691],[1237.9396139049252,1148.1240707632562],[3698.2767638012656,1201.6018425758316],[3706.992754234807,800.6076662115108]],"birth_date":[[1237.9396139049252,1148.1240707632562],[1232.7395653750834,1387.3612742890882],[2469.704651787056,1414.247888846792],[2474.904700316897,1175.01068532096]]},"transform":{"rotation":0.021732530565748347,"translation":[-98.46593008441303,-310.2256435928238],"scale":1.3596233571403782,"matrix":[[1.3593022927604093,-0.029545730283190807,-98.46593008441303],[0.029545730283190807,1.3593022927604093,-310.2256435928238],[0,0,1]]},"inverse_transform":{"rotation":-0.021732530565748347,"translation":[77.36270133922763,226.54262243590102],"scale":0.7354978088220296,"matrix":[[0.735324126789636,0.015982970408098002,77.36270133922763],[-0.015982970408098002,0.7353241267896361,226.54262243590102],[0,0,1]]},"document_type":{"classification":"B","confidence":0.9998438358306884},"delivery_tag":"Aarhus_kasse6_omegn"},{"image_id":"8011330211-002828.jpg","processed":true,"shape":{"width":4000,"height":6000},"regions":{"death_date":[[1245.1547553874111,2300.6319952453114],[1239.1165247522135,2540.666253085786],[2743.059982069088,2578.4990088735494],[2749.0982127042857,2338.4647510330747]],"birth_place":[[2505.57387206974,1230.4677821432142],[2499.5697557319168,1469.1459142331782],[3720.0829311919597,1499.8487818697758],[3726.087047529783,1261.1706497798118]],"death_signs":[[1215.790791492848,3413.9771221175984],[1210.0001368032963,3805.9998069074454],[3660.51936797696,3867.6443422622583],[3670.3783999180455,3475.724000364534]],"residence":[[1253.1375009729265,1983.2985696257],[1245.1547553874111,2300.6319952453114],[3698.386238062097,2362.344759194873],[3706.3689836476124,2045.0113335752617]],"death_location":[[1239.1165247522135,2540.666253085786],[1229.811767713561,2856.6094386575123],[3684.3993761387583,2918.356316904448],[3692.3480074268996,2602.3790170353477]],"death_cause":[[1229.811767713561,2856.6094386575123],[1224.64361652119,3169.9427156203383],[3676.5189734453647,3231.6213652725255],[3684.3993761387583,2918.356316904448]],"occupation":[[1265.4953227667622,1438.1019036228406],[1253.1375009729265,1983.2985696257],[3706.3689836476124,2045.0113335752617],[3720.0829311919597,1499.8487818697758]],"disease_duration":[[1224.64361652119,3169.9427156203383],[1215.790791492848,3413.9771221175984],[3670.3783999180455,3475.724000364534],[3676.5189734453647,3231.6213652725255]],"death_age":[[2749.0982127042857,2338.4647510330747],[2743.059982069088,2578.4990088735494],[3692.3480074268996,2602.3790170353477],[3698.386238062097,2362.344759194873]],"name":[[1278.8509053288926,799.2984465373368],[1271.4994391045857,1199.4237715328766],[3726.087047529783,1261.1706497798118],[3736.150765255112,861.11355337902]],"birth_date":[[1271.4994391045857,1199.4237715328766],[1265.4953227667622,1438.1019036228406],[2499.5697557319168,1469.1459142331782],[2505.57387206974,1230.4677821432142]]},"transform":{"rotation":0.025150399321381346,"translation":[-56.908939369568486,-260.1833754125923],"scale":1.3565547672264378,"matrix":[[1.3561257505111586,-0.034114297373997356,-56.908939369568486],[0.034114297373997356,1.3561257505111586,-260.1833754125923],[0,0,1]]},"inverse_transform":{"rotation":-0.025150399321381342,"translation":[46.76108118452658,190.68154548799416],"scale":0.7371615390394916,"matrix":[[0.7369284082955294,0.018537952586229117,46.76108118452658],[-0.018537952586229114,0.7369284082955294,190.68154548799416],[0,0,1]]},"document_type":{"classification":"B","confidence":0.9999864101409912},"delivery_tag":"Aarhus_kasse6_omegn"},{"image_id":"8011330211-002424.jpg","processed":true,"shape":{"width":4000,"height":6000},"regions":{"death_date":[[1365.072080458675,2470.499587351115],[1359.3420549573334,2701.1276209046196],[2804.3504685778776,2737.0293061079396],[2810.0804940792186,2506.4012725544353]],"birth_place":[[2575.770742646385,1441.9042762509678],[2570.0730901704746,1671.2293265640567],[3742.7580065442253,1700.3650494522335],[3748.4556590201355,1471.0399991391446]],"death_signs":[[1337.1908433391563,3540.2164547066277],[1331.7439887107544,3916.8757302629374],[3686.2347041411626,3975.37378721731],[3695.5905084908104,3598.8116307372943]],"residence":[[1372.6473684096009,2165.6015090939404],[1365.072080458675,2470.499587351115],[3722.1687623699136,2529.0623903563505],[3729.7440503208395,2224.1643120991757]],"death_location":[[1359.3420549573334,2701.1276209046196],[1350.4961567914236,3004.6903428959486],[3708.895821943078,3063.285518926615],[3716.4387368685725,2759.690423909855]],"death_cause":[[1350.4961567914236,3004.6903428959486],[1345.6239543976224,3305.74421748274],[3701.417653068446,3364.274647462544],[3708.895821943078,3063.285518926615]],"occupation":[[1384.3583413925712,1641.7698734215671],[1372.6473684096009,2165.6015090939404],[3729.7440503208395,2224.1643120991757],[3742.7580065442253,1700.3650494522335]],"disease_duration":[[1345.6239543976224,3305.74421748274],[1337.1908433391563,3540.2164547066277],[3695.5905084908104,3598.8116307372943],[3701.417653068446,3364.274647462544]],"death_age":[[2810.0804940792186,2506.4012725544353],[2804.3504685778776,2737.0293061079396],[3716.4387368685725,2759.690423909855],[3722.1687623699136,2529.0623903563505]],"name":[[1397.0000698898864,1028.0000211351082],[1390.0559938684812,1412.4448231084782],[3748.4556590201355,1471.0399991391446],[3758.005701522371,1086.6599432166372]],"birth_date":[[1390.0559938684812,1412.4448231084782],[1384.3583413925712,1641.7698734215671],[2570.0730901704746,1671.2293265640567],[2575.770742646385,1441.9042762509678]]},"transform":{"rotation":0.024840201866583794,"translation":[113.27890373901502,10.442173848125169],"scale":1.3033853373345412,"matrix":[[1.3029832404152786,-0.03237302543130737,113.27890373901502],[0.03237302543130737,1.3029832404152786,10.442173848125169],[0,0,1]]},"inverse_transform":{"rotation":-0.024840201866583794,"translation":[-87.08346853160042,-5.850434810102126],"scale":0.7672328139313179,"matrix":[[0.7669961211114724,0.01905625810393551,-87.08346853160042],[-0.01905625810393551,0.7669961211114723,-5.850434810102126],[0,0,1]]},"document_type":{"classification":"B","confidence":0.9998481273651124},"delivery_tag":"Aarhus_kasse6_omegn"},{"image_id":"8011330211-002929.jpg","processed":true,"shape":{"width":4000,"height":6000},"regions":{"death_date":[[1253.8733545007458,2338.324114045007],[1251.3835987403136,2578.8944647441153],[2758.685965549981,2594.4941208928117],[2761.1757213104133,2353.923770193703]],"birth_place":[[2500.7667469468497,1247.4770135848757],[2498.291057603143,1486.6882097602604],[3721.530128954542,1499.3479848133054],[3724.0058182982484,1260.1367886379207]],"death_signs":[[1240.9656718453,3454.1759116055014],[1240.977940982771,3847.0137682118493],[3696.9701653516345,3872.431783235019],[3701.0353597853345,3479.6361258788475]],"residence":[[1257.1648960145376,2020.2819554936432],[1253.8733545007458,2338.324114045007],[3712.583887917057,2363.7702619016272],[3715.8754294308483,2045.7281033502636]],"death_location":[[1251.3835987403136,2578.8944647441153],[1246.746969119524,2895.563402355029],[3706.8166570595586,2921.0236166283753],[3710.0941321566247,2604.3406126007358]],"death_cause":[[1246.746969119524,2895.563402355029],[1246.2159359033565,3209.5562301686723],[3703.5673147959437,3234.9883116085675],[3706.8166570595586,2921.0236166283753]],"occupation":[[1261.4604410145073,1473.8877705399593],[1257.1648960145376,2020.2819554936432],[3715.8754294308483,2045.7281033502636],[3721.530128954542,1499.3479848133054]],"disease_duration":[[1246.2159359033565,3209.5562301686723],[1240.9656718453,3454.1759116055014],[3701.0353597853345,3479.6361258788475],[3703.5673147959437,3234.9883116085675]],"death_age":[[2761.1757213104133,2353.923770193703],[2758.685965549981,2594.4941208928117],[3710.0941321566247,2604.3406126007358],[3712.583887917057,2363.7702619016272]],"name":[[1265.36741424482,833.6978570326097],[1263.9361303582139,1234.6765743645747],[3724.0058182982484,1260.1367886379207],[3728.155411232302,859.1862041394069]],"birth_date":[[1263.9361303582139,1234.6765743645747],[1261.4604410145073,1473.8877705399593],[2498.291057603143,1486.6882097602604],[2500.7667469468497,1247.4770135848757]]},"transform":{"rotation":0.010349017933752213,"translation":[-88.58951652929345,-207.94564529507315],"scale":1.359227311172897,"matrix":[[1.359154523723776,-0.014066416725605584,-88.58951652929345],[0.014066416725605584,1.359154523723776,-207.94564529507315],[0,0,1]]},"inverse_transform":{"rotation":-0.010349017933752211,"translation":[66.75613899087129,152.3054384264445],"scale":0.7357121150965438,"matrix":[[0.7356727172653605,0.007613761963107204,66.75613899087129],[-0.007613761963107204,0.7356727172653605,152.3054384264445],[0,0,1]]},"document_type":{"classification":"B","confidence":0.9999979734420776},"delivery_tag":"Aarhus_kasse6_omegn"},{"image_id":"8011330211-003232.jpg","processed":true,"shape":{"width":4000,"height":6000},"regions":{"death_date":[[1218.04844006884,2318.6326597682246],[1214.890404269668,2559.1446912363967],[2721.8273697962386,2578.9314805091753],[2724.9854055954106,2338.419449041003]],"birth_place":[[2467.7081105405705,1231.4851173348436],[2464.567916751563,1470.6383237664725],[3687.5104496405743,1486.696132914805],[3690.6506434295816,1247.5429264831762]],"death_signs":[[1202.0413246869844,3434.2101727601466],[1200.9614588589834,3826.9641343516682],[3656.358299892809,3859.204646719487],[3661.5146408304404,3466.50421115846]],"residence":[[1222.2234704474063,2000.6676012170815],[1218.04844006884,2318.6326597682246],[3676.1629311757524,2350.908856156373],[3680.337961554319,2032.94379760523]],"death_location":[[1214.890404269668,2559.1446912363967],[1209.374390864723,2875.733082740832],[3668.847707008179,2908.027121139145],[3673.0048953765804,2591.4208876245452]],"death_cause":[[1209.374390864723,2875.733082740832],[1207.9705365897375,3189.6573502026745],[3664.726202660107,3221.915704580658],[3668.847707008179,2908.027121139145]],"occupation":[[1228.0371334971182,1454.4020945164918],[1222.2234704474063,2000.6676012170815],[3680.337961554319,2032.94379760523],[3687.5104496405743,1486.696132914805]],"disease_duration":[[1207.9705365897375,3189.6573502026745],[1202.0413246869844,3434.2101727601466],[3661.5146408304404,3466.50421115846],[3664.726202660107,3221.915704580658]],"death_age":[[2724.9854055954106,2338.419449041003],[2721.8273697962386,2578.9314805091753],[3673.0048953765804,2591.4208876245452],[3676.1629311757524,2350.908856156373]],"name":[[1233.7230702116588,814.3598182842466],[1231.1773272861255,1215.248888084863],[3690.6506434295816,1247.5429264831762],[3695.9140364282016,846.6895407028892]],"birth_date":[[1231.1773272861255,1215.248888084863],[1228.0371334971182,1454.4020945164918],[2464.567916751563,1470.6383237664725],[2467.7081105405705,1231.4851173348436]]},"transform":{"rotation":0.0131297145808978,"translation":[-117.04870679326102,-230.82528754799614],"scale":1.3589421684765495,"matrix":[[1.3588250365433459,-0.01784201016481388,-117.04870679326102],[0.01784201016481388,1.3588250365433459,-230.82528754799614],[0,0,1]]},"inverse_transform":{"rotation":-0.013129714580897798,"translation":[88.35490119697114,168.71109402422005],"scale":0.7358664873289319,"matrix":[[0.7358030604471705,0.009661439354396818,88.35490119697114],[-0.009661439354396818,0.7358030604471705,168.71109402422005],[0,0,1]]},"document_type":{"classification":"B","confidence":0.9998146891593932},"delivery_tag":"Aarhus_kasse6_omegn"},{"image_id":"8011330211-003636.jpg","processed":true,"shape":{"width":4000,"height":6000},"regions":{"death_date":[[1212.7932202871398,2355.7719167119385],[1213.0577017207925,2596.220104211566],[2719.5946505178945,2594.56298607642],[2719.330169084242,2354.1147985767925]],"birth_place":[[2446.423974598075,1251.3406066956225],[2446.68696178634,1490.4303298590942],[3669.3048643268194,1489.0855090100129],[3669.0418771385544,1249.9957858465411]],"death_signs":[[1212.6615314144237,3471.0726309414754],[1217.1687613399858,3863.6643413544207],[3671.9138167740375,3860.964239938543],[3671.4819798569433,3468.3680467894337]],"residence":[[1212.4435668663787,2037.8912620514138],[1212.7932202871398,2355.7719167119385],[3670.2552043935034,2353.068826805285],[3669.9055509727423,2035.1881721447603]],"death_location":[[1213.0577017207925,2596.220104211566],[1212.0473965600095,2912.743788781323],[3670.8678450025295,2910.0392046292814],[3670.519685827156,2593.5170143049127]],"death_cause":[[1212.0473965600095,2912.743788781323],[1215.1094959169195,3226.5460619426035],[3671.213015687127,3223.8444662813376],[3670.8678450025295,2910.0392046292814]],"occupation":[[1210.4844158842993,1491.7900931620543],[1212.4435668663787,2037.8912620514138],[3669.9055509727423,2035.1881721447603],[3669.3048643268194,1489.0855090100129]],"disease_duration":[[1215.1094959169195,3226.5460619426035],[1212.6615314144237,3471.0726309414754],[3671.4819798569433,3468.3680467894337],[3671.213015687127,3223.8444662813376]],"death_age":[[2719.330169084242,2354.1147985767925],[2719.5946505178945,2594.56298607642],[3670.519685827156,2593.5170143049127],[3670.2552043935034,2353.068826805285]],"name":[[1207.0636976343012,851.9563793233124],[1210.2214286960348,1252.7003699985826],[3669.0418771385544,1249.9957858465411],[3668.601074749133,849.248806680495]],"birth_date":[[1210.2214286960348,1252.7003699985826],[1210.4844158842993,1491.7900931620543],[2446.68696178634,1490.4303298590942],[2446.423974598075,1251.3406066956225]]},"transform":{"rotation":-0.0010999514271170497,"translation":[-157.96414537963994,-173.54243644127064],"scale":1.3584651579548446,"matrix":[[1.3584643361560884,0.0014942453878683027,-157.96414537963994],[-0.0014942453878683027,1.3584643361560884,-173.54243644127064],[0,0,1]]},"inverse_transform":{"rotation":0.00109995142711705,"translation":[116.14074949494533,127.87673153944833],"scale":0.7361248789814306,"matrix":[[0.7361244336652542,-0.0008097014478965956,116.14074949494533],[0.0008097014478965956,0.736124433665254,127.87673153944833],[0,0,1]]},"document_type":{"classification":"B","confidence":0.9999738931655884},"delivery_tag":"Aarhus_kasse6_omegn"},{"image_id":"8011330211-004242.jpg","processed":true,"shape":{"width":4000,"height":6000},"regions":{"death_date":[[1202.5385488257568,2358.7173173160495],[1201.898707993496,2599.672522707642],[2711.612396012007,2603.681468939153],[2712.2522368442683,2362.7262635475604]],"birth_place":[[2442.921783044706,1256.6042582118223],[2442.285557132401,1496.198134759395],[3667.4815167506704,1499.4515627200442],[3668.117742662975,1259.8576861724714]],"death_signs":[[1198.2093706976332,3476.3646833367584],[1201.24864536233,3869.7995640184936],[3661.1698665070107,3876.3317243794863],[3662.2145783743745,3482.9076884576198]],"residence":[[1203.3844400955256,2040.1663678152997],[1202.5385488257568,2358.7173173160495],[3665.182427658478,2365.2567075169545],[3666.028318928247,2046.7057580162048]],"death_location":[[1201.898707993496,2599.672522707642],[1199.695102799663,2916.8585284444157],[3663.7003104764044,2923.401533565277],[3664.542586826217,2606.211912908547]],"death_cause":[[1199.695102799663,2916.8585284444157],[1201.5827139778037,3231.3327212530176],[3662.8652639665047,3237.868496533966],[3663.7003104764044,2923.401533565277]],"occupation":[[1203.4763090739286,1492.908557599183],[1203.3844400955256,2040.1663678152997],[3666.028318928247,2046.7057580162048],[3667.4815167506704,1499.4515627200442]],"disease_duration":[[1201.5827139778037,3231.3327212530176],[1198.2093706976332,3476.3646833367584],[3662.2145783743745,3482.9076884576198],[3662.8652639665047,3237.868496533966]],"death_age":[[2712.2522368442683,2362.7262635475604],[2711.612396012007,2603.681468939153],[3664.542586826217,2606.211912908547],[3665.182427658478,2365.2567075169545]],"name":[[1202.4562786852946,851.7154422257097],[1204.1125349862334,1253.3146810516103],[3668.117742662975,1259.8576861724714],[3669.1841440500766,858.2656771864833]],"birth_date":[[1204.1125349862334,1253.3146810516103],[1203.4763090739286,1492.908557599183],[2442.285557132401,1496.198134759395],[2442.921783044706,1256.6042582118223]]},"transform":{"rotation":0.0026554285362588264,"translation":[-161.58500122414043,-181.07854348973868],"scale":1.3613336436039234,"matrix":[[1.361328844020299,-0.003614919956276957,-161.58500122414043],[0.003614919956276957,1.361328844020299,-181.07854348973868],[0,0,1]]},"inverse_transform":{"rotation":-0.002655428536258827,"translation":[119.0488994819885,132.69989249161517],"scale":0.7345737796890499,"matrix":[[0.7345711898402641,0.0019506058841871452,119.0488994819885],[-0.0019506058841871454,0.7345711898402641,132.69989249161517],[0,0,1]]},"document_type":{"classification":"B","confidence":0.999647855758667},"delivery_tag":"Aarhus_kasse6_omegn"},{"image_id":"8011330211-004141.jpg","processed":true,"shape":{"width":4000,"height":6000},"regions":{"death_date":[[1203.9447338018645,2374.3235795265496],[1200.6518634989147,2613.7741741854493],[2700.938357717671,2634.4057739931964],[2704.2312280206206,2394.9551793342966]],"birth_place":[[2448.771859400368,1292.7379085794007],[2445.4975928844406,1530.8356750198886],[3663.0429894551175,1547.579083339972],[3666.317255971045,1309.481316899484]],"death_signs":[[1187.3181964381324,3484.9769430556667],[1186.000186643919,3876.0001095377615],[3630.560777314156,3909.6171526870844],[3635.9372717636047,3518.6497975660563]],"residence":[[1208.2980199650863,2057.761776418173],[1203.9447338018645,2374.3235795265496],[3651.210980908925,2407.9778302499167],[3655.564267072147,2091.4160271415403]],"death_location":[[1200.6518634989147,2613.7741741854493],[1194.9643529043037,2928.9645452883906],[3643.583428229776,2962.6373997987803],[3647.9181106059755,2647.4284249088164]],"death_cause":[[1194.9643529043037,2928.9645452883906],[1193.3725345389728,3241.5050713155756],[3639.2859534276217,3275.1407182519206],[3643.583428229776,2962.6373997987803]],"occupation":[[1214.423914129645,1513.906228829582],[1208.2980199650863,2057.761776418173],[3655.564267072147,2091.4160271415403],[3663.0429894551175,1547.579083339972]],"disease_duration":[[1193.3725345389728,3241.5050713155756],[1187.3181964381324,3484.9769430556667],[3635.9372717636047,3518.6497975660563],[3639.2859534276217,3275.1407182519206]],"death_age":[[2704.2312280206206,2394.9551793342966],[2700.938357717671,2634.4057739931964],[3647.9181106059755,2647.4284249088164],[3651.210980908925,2407.9778302499167]],"name":[[1220.4806413803315,876.6869303835499],[1217.6981806455724,1275.808462389094],[3666.317255971045,1309.481316899484],[3671.805373142628,910.3969924679843]],"birth_date":[[1217.6981806455724,1275.808462389094],[1214.423914129645,1513.906228829582],[2445.4975928844406,1530.8356750198886],[2448.771859400368,1292.7379085794007]]},"transform":{"rotation":0.01375090656270069,"translation":[-123.69442691630904,-164.72940490622275],"scale":1.3529561298959354,"matrix":[[1.3528282184118632,-0.0186037870223148,-123.69442691630904],[0.0186037870223148,1.3528282184118632,-164.72940490622275],[0,0,1]]},"inverse_transform":{"rotation":-0.01375090656270069,"translation":[93.09085273081094,120.48651875375732],"scale":0.7391222656102799,"matrix":[[0.7390523873460731,0.010163280914305827,93.09085273081094],[-0.010163280914305827,0.739052387346073,120.48651875375732],[0,0,1]]},"document_type":{"classification":"B","confidence":0.9999716281890868},"delivery_tag":"Aarhus_kasse6_omegn"},{"image_id":"8011330211-004343.jpg","processed":true,"shape":{"width":4000,"height":6000},"regions":{"death_date":[[1191.299464437606,2296.9125026517686],[1187.3884914225828,2536.220949532999],[2686.7843535202333,2560.7252945819305],[2690.6953265352563,2321.4168477007]],"birth_place":[[2438.2321667157817,1219.1532687709628],[2434.3432895934984,1457.1096905285701],[3651.1659008539905,1476.9959939947903],[3655.0547779762737,1239.039572237183]],"death_signs":[[1171.8067113742425,3406.9030332533216],[1169.47707374318,3797.704581658523],[3612.5864721295234,3837.631859840145],[3618.9721851314544,3446.8965991131645]],"residence":[[1196.4699033388233,1980.538623724041],[1191.299464437606,2296.9125026517686],[3637.1129130711947,2336.883972618871],[3642.283351972412,2020.5100936911435]],"death_location":[[1187.3884914225828,2536.220949532999],[1180.888123290483,2851.2207074443636],[3628.053597047695,2891.2142733042065],[3633.2019400561717,2576.1924195001016]],"death_cause":[[1180.888123290483,2851.2207074443636],[1178.488022314732,3163.582702786704],[3622.949445824698,3203.5320768610663],[3628.053597047695,2891.2142733042065]],"occupation":[[1204.0004270967788,1437.0024281349476],[1196.4699033388233,1980.538623724041],[3642.283351972412,2020.5100936911435],[3651.1659008539905,1476.9959939947903]],"disease_duration":[[1178.488022314732,3163.582702786704],[1171.8067113742425,3406.9030332533216],[3618.9721851314544,3446.8965991131645],[3622.949445824698,3203.5320768610663]],"death_age":[[2690.6953265352563,2321.4168477007],[2686.7843535202333,2560.7252945819305],[3633.2019400561717,2576.1924195001016],[3637.1129130711947,2336.883972618871]],"name":[[1211.7035423301886,800.1544031231429],[1207.8893042190618,1199.0460063773403],[3655.0547779762737,1239.039572237183],[3661.573066334646,840.192160768466]],"birth_date":[[1207.8893042190618,1199.0460063773403],[1204.0004270967788,1437.0024281349476],[2434.3432895934984,1457.1096905285701],[2438.2321667157817,1219.1532687709628]]},"transform":{"rotation":0.01634135748692561,"translation":[-129.02518687544662,-244.160866646876],"scale":1.3522056660815884,"matrix":[[1.352025123622769,-0.02209589274024457,-129.02518687544662],[0.02209589274024457,1.352025123622769,-244.160866646876],[0,0,1]]},"inverse_transform":{"rotation":-0.01634135748692561,"translation":[98.35611962350188,178.98158558542133],"scale":0.7395324728210855,"matrix":[[0.7394337326557622,0.01208442665732521,98.35611962350188],[-0.01208442665732521,0.7394337326557623,178.98158558542133],[0,0,1]]},"document_type":{"classification":"B","confidence":0.9964849948883056},"delivery_tag":"Aarhus_kasse6_omegn"},{"image_id":"8011330211-004847.jpg","processed":true,"shape":{"width":4000,"height":6000},"regions":{"death_date":[[1245.9527983067526,2373.375347711857],[1243.2273141288827,2613.2774729978364],[2746.3428900732383,2630.354094202682],[2749.06837