[{"image_id":"8011321491-0007.jpg","processed":true,"shape":{"width":4000,"height":6000},"regions":{"death_date":[[1370.0966541559933,2417.2334286923574],[1367.8157063470776,2646.058947682707],[2801.5303987781376,2660.350309943087],[2803.811346587053,2431.524790952737]],"birth_place":[[2555.715447280665,1379.1942204332631],[2553.4473861825345,1606.7269398812941],[3716.9669742690576,1618.3249795876436],[3719.2350353671877,1390.7922601396126]],"death_signs":[[1358.2238650593272,3478.6089662249456],[1358.3780042694652,3852.2666940873055],[3694.4667772387393,3875.5529804754983],[3698.1910366555558,3501.9339127454928]],"residence":[[1373.112144479644,2114.7183357898616],[1370.0966541559933,2417.2334286923574],[3708.7710262099035,2440.54548850212],[3711.7865165335547,2138.030395599624]],"death_location":[[1367.8157063470776,2646.058947682707],[1363.5203031918932,2947.2683543321],[3703.487474788122,2970.593300852647],[3706.4900784009883,2669.3710074924697]],"death_cause":[[1363.5203031918932,2947.2683543321],[1363.1290720852335,3245.93082202921],[3700.510644596826,3269.229995128188],[3703.487474788122,2970.593300852647]],"occupation":[[1376.9998026728285,1595.0000330670962],[1373.112144479644,2114.7183357898616],[3711.7865165335547,2138.030395599624],[3716.9669742690576,1618.3249795876436]],"disease_duration":[[1363.1290720852335,3245.93082202921],[1358.2238650593272,3478.6089662249456],[3698.1910366555558,3501.9339127454928],[3700.510644596826,3269.229995128188]],"death_age":[[2803.811346587053,2431.524790952737],[2801.5303987781376,2660.350309943087],[3706.4900784009883,2669.3710074924697],[3708.7710262099035,2440.54548850212]],"name":[[1380.4838443678482,986.0656752135797],[1379.2678637709591,1367.4673136190652],[3719.2350353671877,1390.7922601396126],[3723.0366150487134,1009.4163951556967]],"birth_date":[[1379.2678637709591,1367.4673136190652],[1376.9998026728285,1595.0000330670962],[2553.4473861825345,1606.7269398812941],[2555.715447280665,1379.1942204332631]]},"transform":{"rotation":0.009967735577382042,"translation":[92.25545723354946,-4.229036407071576],"scale":1.2928637685129125,"matrix":[[1.2927995423183587,-0.012886710784832818,92.25545723354946],[0.012886710784832818,1.2927995423183587,-4.229036407071576],[0,0,1]]},"inverse_transform":{"rotation":-0.009967735577382042,"translation":[-71.321297141577,3.9821590027036433],"scale":0.773476699057185,"matrix":[[0.7734382746955729,0.007709683543086745,-71.321297141577],[-0.007709683543086744,0.7734382746955728,3.9821590027036433],[0,0,1]]},"document_type":{"classification":"B","confidence":0.9999910593032836},"delivery_tag":"Aarhus_kasse1_omegn"},{"image_id":"8011321491-0003.jpg","processed":true,"shape":{"width":4000,"height":6000},"regions":{"death_date":[[1316.3669694877326,2409.7108536707537],[1315.2733931558987,2638.9482597513447],[2751.5687792766635,2645.800102418032],[2752.6623556084974,2416.562696337441]],"birth_place":[[2498.6538966555645,1363.6842273893812],[2497.5664987210857,1591.6265068819462],[3663.180427944429,1597.18706450144],[3664.267825878908,1369.2447850088752]],"death_signs":[[1309.9993786712573,3473.003604042693],[1312.099201599742,3847.313723174254],[3652.3929461626108,3858.478087194727],[3654.178502998204,3484.186503255231]],"residence":[[1317.812714468801,2106.6512320726847],[1316.3669694877326,2409.7108536707537],[3659.2509672266533,2420.8875744859365],[3660.6967122077217,2117.8279528878675]],"death_location":[[1315.2733931558987,2638.9482597513447],[1312.5386999841594,2940.706576364033],[3656.717824311106,2951.889475576571],[3658.1573908948194,2650.1249805665275]],"death_cause":[[1312.5386999841594,2940.706576364033],[1313.7017433712078,3239.893174992734],[3655.2906145221027,3251.0637174105623],[3656.717824311106,2951.889475576571]],"occupation":[[1319.0013036174823,1586.0041652889024],[1317.812714468801,2106.6512320726847],[3660.6967122077217,2117.8279528878675],[3663.180427944429,1597.18706450144]],"disease_duration":[[1313.7017433712078,3239.893174992734],[1309.9993786712573,3473.003604042693],[3654.178502998204,3484.186503255231],[3655.2906145221027,3251.0637174105623]],"death_age":[[2752.6623556084974,2416.562696337441],[2751.5687792766635,2645.800102418032],[3658.1573908948194,2650.1249805665275],[3659.2509672266533,2420.8875744859365]],"name":[[1319.3210755956322,975.9871855339759],[1320.088701551961,1358.0618857963375],[3664.267825878908,1369.2447850088752],[3666.090453098631,987.1824415412236]],"birth_date":[[1320.088701551961,1358.0618857963375],[1319.0013036174823,1586.0041652889024],[2497.5664987210857,1591.6265068819462],[2498.6538966555645,1363.6842273893812]]},"transform":{"rotation":0.004770460697952567,"translation":[23.684849617966258,-9.331625958045827],"scale":1.295141324954764,"matrix":[[1.2951265880259373,-0.006178397354993215,23.684849617966258],[0.006178397354993215,1.2951265880259373,-9.331625958045827],[0,0,1]]},"inverse_transform":{"rotation":-0.004770460697952567,"translation":[-18.252883816913524,7.292259779437176],"scale":0.7721165101692105,"matrix":[[0.7721077245441693,0.0036833374954989267,-18.252883816913524],[-0.0036833374954989262,0.7721077245441693,7.292259779437176],[0,0,1]]},"document_type":{"classification":"B","confidence":0.9999805688858032},"delivery_tag":"Aarhus_kasse1_omegn"},{"image_id":"8011321491-0010.jpg","processed":true,"shape":{"width":4000,"height":6000},"regions":{"death_date":[[1393.0726938929158,2437.466124139843],[1390.102068790899,2666.3158053770526],[2823.9681506669745,2684.9283660444908],[2826.938775768991,2456.078684807281]],"birth_place":[[2581.9795177768765,1402.857971897578],[2579.0256758675264,1630.4147170826],[3742.668122836388,1645.519590482685],[3745.6219647457383,1417.9628452976633]],"death_signs":[[1378.0007566613174,3498.949839793216],[1377.029222137186,3872.6587084534394],[3713.364668440223,3902.9859376022773],[3718.215011120917,3529.327418520054]],"residence":[[1396.999960976938,2134.919087927939],[1393.0726938929158,2437.466124139843],[3731.994012300328,2467.8269196740143],[3735.9212793843503,2165.2798834621103]],"death_location":[[1390.102068790899,2666.3158053770526],[1384.898648847356,2967.5531223441026],[3725.112903306956,2997.9307010709404],[3729.0233871983114,2696.676600911224]],"death_cause":[[1384.898648847356,2967.5531223441026],[1383.6076034457094,3266.254916784777],[3721.235985800934,3296.5989291262813],[3725.112903306956,2997.9307010709404]],"occupation":[[1402.4538683767885,1615.142011755847],[1396.999960976938,2134.919087927939],[3735.9212793843503,2165.2798834621103],[3742.668122836388,1645.519590482685]],"disease_duration":[[1383.6076034457094,3266.254916784777],[1378.0007566613174,3498.949839793216],[3718.215011120917,3529.327418520054],[3721.235985800934,3296.5989291262813]],"death_age":[[2826.938775768991,2456.078684807281],[2823.9681506669745,2684.9283660444908],[3729.0233871983114,2696.676600911224],[3731.994012300328,2467.8269196740143]],"name":[[1407.7728800184577,1006.1355647901426],[1405.4077102861384,1387.5852665708253],[3745.6219647457383,1417.9628452976633],[3750.5730065824328,1036.546709902314]],"birth_date":[[1405.4077102861384,1387.5852665708253],[1402.4538683767885,1615.142011755847],[2579.0256758675264,1630.4147170826],[2581.9795177768765,1402.857971897578]]},"transform":{"rotation":0.012979953717094546,"translation":[122.35317727815433,11.825583898870214],"scale":1.2930449762489349,"matrix":[[1.2929360521876243,-0.01678319266676127,122.35317727815433],[0.01678319266676127,1.2929360521876243,11.825583898870214],[0,0,1]]},"inverse_transform":{"rotation":-0.012979953717094546,"translation":[-94.73480343830404,-7.9165798054736705],"scale":0.7733683037854993,"matrix":[[0.7733031564641882,0.010038002918082243,-94.73480343830404],[-0.010038002918082243,0.7733031564641882,-7.9165798054736705],[0,0,1]]},"document_type":{"classification":"B","confidence":0.9999902248382568},"delivery_tag":"Aarhus_kasse1_omegn"},{"image_id":"8011321491-0006.jpg","processed":true,"shape":{"width":4000,"height":6000},"regions":{"death_date":[[1355.959946790105,2431.5241327066883],[1353.0131998552617,2660.156517851017],[2785.51780508159,2678.6194689851473],[2788.4645520164327,2449.9870838408187]],"birth_place":[[2543.641283554439,1397.7902130828352],[2540.711184907363,1625.1308898365173],[3703.248736488693,1640.1143488272455],[3706.1788351357686,1412.7736720735634]],"death_signs":[[1340.9999941423614,3492.000073139223],[1340.0637641494986,3865.3537428991967],[3674.18082604668,3895.4371988950256],[3678.992181211481,3522.133473998354]],"residence":[[1359.8556461276944,2129.2643692955426],[1355.959946790105,2431.5241327066883],[3692.660425468578,2461.640885278052],[3696.5561248061676,2159.381121866906]],"death_location":[[1353.0131998552617,2660.156517851017],[1347.842440414794,2961.107924583749],[3685.834627483913,2991.24132544288],[3689.713678533735,2690.2732704223804]],"death_cause":[[1347.842440414794,2961.107924583749],[1346.580102721799,3259.5258593984922],[3681.9888730096263,3289.6259636820882],[3685.834627483913,2991.24132544288]],"occupation":[[1365.2565494195737,1609.9809479681144],[1359.8556461276944,2129.2643692955426],[3696.5561248061676,2159.381121866906],[3703.248736488693,1640.1143488272455]],"disease_duration":[[1346.580102721799,3259.5258593984922],[1340.9999941423614,3492.000073139223],[3678.992181211481,3522.133473998354],[3681.9888730096263,3289.6259636820882]],"death_age":[[2788.4645520164327,2449.9870838408187],[2785.51780508159,2678.6194689851473],[3689.713678533735,2690.2732704223804],[3692.660425468578,2461.640885278052]],"name":[[1370.514476176763,1001.5529993983503],[1368.1866480666495,1382.6402712144322],[3706.1788351357686,1412.7736720735634],[3711.090080027174,1031.7196968330163]],"birth_date":[[1368.1866480666495,1382.6402712144322],[1365.2565494195737,1609.9809479681144],[2540.711184907363,1625.1308898365173],[2543.641283554439,1397.7902130828352]]},"transform":{"rotation":0.012887867055460373,"translation":[86.22535752046886,8.306575151487266],"scale":1.2918156725905856,"matrix":[[1.2917083906459221,-0.0166482877674758,86.22535752046886],[0.0166482877674758,1.2917083906459221,8.306575151487266],[0,0,1]]},"inverse_transform":{"rotation":-0.012887867055460373,"translation":[-66.82474104646336,-5.569413100244153],"scale":0.7741042481661619,"matrix":[[0.7740399608139664,0.009976276460287377,-66.82474104646336],[-0.009976276460287377,0.7740399608139664,-5.569413100244153],[0,0,1]]},"document_type":{"classification":"B","confidence":0.9999855756759644},"delivery_tag":"Aarhus_kasse1_omegn"},{"image_id":"8011321491-0008.jpg","processed":true,"shape":{"width":4000,"height":6000},"regions":{"death_date":[[1377.2583502450575,2414.6578294456144],[1375.0702396671722,2643.895570685849],[2811.367725742995,2657.605257865933],[2813.55583632088,2428.367516625698]],"birth_place":[[2564.568251807863,1374.2507482491558],[2562.392503436632,1602.1933610078074],[3728.0081368615556,1613.3193469970547],[3730.1838852327865,1385.376734238403]],"death_signs":[[1365.81385009995,3477.945950618807],[1366.126557821486,3852.2751684163295],[3706.4237240424163,3874.6136758414073],[3709.99640176563,3500.3215446638487]],"residence":[[1380.1511066022617,2111.597764755134],[1377.2583502450575,2414.6578294456144],[3720.1457734291544,2437.0210612840015],[3723.0385297863586,2133.960996593521]],"death_location":[[1375.0702396671722,2643.895570685849],[1370.8947170350395,2945.6481446880916],[3715.0772687007197,2968.0237387331335],[3717.957662851269,2666.258802524236]],"death_cause":[[1370.8947170350395,2945.6481446880916],[1370.629304260966,3244.847548347131],[3712.221598963479,3267.1984179788637],[3715.0772687007197,2968.0237387331335]],"occupation":[[1383.8255851958759,1590.943752952013],[1380.1511066022617,2111.597764755134],[3723.0385297863586,2133.960996593521],[3728.0081368615556,1613.3193469970547]],"disease_duration":[[1370.629304260966,3244.847548347131],[1365.81385009995,3477.945950618807],[3709.99640176563,3500.3215446638487],[3712.221598963479,3267.1984179788637]],"death_age":[[2813.55583632088,2428.367516625698],[2811.367725742995,2657.605257865933],[3717.957662851269,2666.258802524236],[3720.1457734291544,2437.0210612840015]],"name":[[1387.0579275670818,980.9135137129937],[1386.0013335671065,1363.0011401933614],[3730.1838852327865,1385.376734238403],[3733.8307361959287,1003.3138321713449]],"birth_date":[[1386.0013335671065,1363.0011401933614],[1383.8255851958759,1590.943752952013],[2562.392503436632,1602.1933610078074],[2564.568251807863,1374.2507482491558]]},"transform":{"rotation":0.009544868644771944,"translation":[96.09476028846805,-10.615273845280292],"scale":1.2951874798505063,"matrix":[[1.2951284815832487,-0.012362206654719165,96.09476028846805],[0.012362206654719165,1.2951284815832487,-10.615273845280292],[0,0,1]]},"inverse_transform":{"rotation":-0.009544868644771944,"translation":[-74.11209931042714,8.90372121109873],"scale":0.7720889952668648,"matrix":[[0.7720538251362096,0.007369376143463915,-74.11209931042714],[-0.007369376143463915,0.7720538251362096,8.90372121109873],[0,0,1]]},"document_type":{"classification":"B","confidence":0.9999934434890748},"delivery_tag":"Aarhus_kasse1_omegn"},{"image_id":"8011321491-0004.jpg","processed":true,"shape":{"width":4000,"height":6000},"regions":{"death_date":[[1314.0629339899795,2398.4341105601375],[1309.494773767688,2627.1809697740823],[2742.716620481051,2655.802945404145],[2747.284780703342,2427.0560861902]],"birth_place":[[2509.770510972899,1372.5019521439754],[2505.228159565423,1599.9564562211185],[3668.347782687178,1623.1843895548034],[3672.890134094654,1395.7298854776602]],"death_signs":[[1291.5815418898937,3459.4318690597233],[1287.9998598187055,3832.999930039932],[3623.2855920198294,3879.6364584110083],[3630.744339501424,3506.145823875245]],"residence":[[1320.1021966567373,2096.023008548481],[1314.0629339899795,2398.4341105601375],[3651.933376464707,2445.1222565608437],[3657.9726391314653,2142.711154549187]],"death_location":[[1309.494773767688,2627.1809697740823],[1302.1889647789433,2928.2739078341215],[3641.351762390473,2974.987862649643],[3647.365216242416,2673.8691157747885]],"death_cause":[[1302.1889647789433,2928.2739078341215],[1298.8118388302348,3226.8595620650026],[3635.389926168161,3273.5218992508935],[3641.351762390473,2974.987862649643]],"occupation":[[1329.184985075648,1576.4704347392817],[1320.1021966567373,2096.023008548481],[3657.9726391314653,2142.711154549187],[3668.347782687178,1623.1843895548034]],"disease_duration":[[1298.8118388302348,3226.8595620650026],[1291.5815418898937,3459.4318690597233],[3630.744339501424,3506.145823875245],[3635.389926168161,3273.5218992508935]],"death_age":[[2747.284780703342,2427.0560861902],[2742.716620481051,2655.802945404145],[3647.365216242416,2673.8691157747885],[3651.933376464707,2445.1222565608437]],"name":[[1338.756226580006,967.7195476759327],[1333.7273364831242,1349.0159306621385],[3672.890134094654,1395.7298854776602],[3680.5037344651396,1014.485120121085]],"birth_date":[[1333.7273364831242,1349.0159306621385],[1329.184985075648,1576.4704347392817],[2505.228159565423,1599.9564562211185],[2509.770510972899,1372.5019521439754]]},"transform":{"rotation":0.019967719331357072,"translation":[60.743133231143325,-35.212985820807745],"scale":1.2926128169488933,"matrix":[[1.2923551368019501,-0.02580881481520536,60.743133231143325],[0.02580881481520536,1.2923551368019501,-35.212985820807745],[0,0,1]]},"inverse_transform":{"rotation":-0.019967719331357072,"translation":[-46.43923308645041,28.174552296669567],"scale":0.7736268640445778,"matrix":[[0.7734726428567694,0.015446537592999885,-46.43923308645041],[-0.015446537592999887,0.7734726428567693,28.174552296669567],[0,0,1]]},"document_type":{"classification":"B","confidence":0.9999623298645021},"delivery_tag":"Aarhus_kasse1_omegn"},{"image_id":"8011321491-0011.jpg","processed":true,"shape":{"width":4000,"height":6000},"regions":{"death_date":[[1384.677356026235,2418.7102404902707],[1383.2154813135555,2647.2135691993226],[2814.911478705297,2656.3729988962805],[2816.373353417977,2427.8696701872286]],"birth_place":[[2564.8839552534873,1377.9426766601898],[2563.4303397199756,1605.1550261109983],[3725.3116721388824,1612.5882873619107],[3726.765287672394,1385.3759379111023]],"death_signs":[[1376.6055906713261,3478.595952328795],[1378.0916256665962,3851.713735498591],[3710.8911453121123,3866.6380722545896],[3713.278048091572,3493.5450666222964]],"residence":[[1386.6100039514722,2116.621094061355],[1384.677356026235,2418.7102404902707],[3720.0588341882376,2433.6510956046045],[3721.991482113475,2131.561949175689]],"death_location":[[1383.2154813135555,2647.2135691993226],[1380.0001133092428,2948.0034771908277],[3716.6725707294886,2962.952591484329],[3718.596959475558,2662.1544243136564]],"death_cause":[[1380.0001133092428,2948.0034771908277],[1380.6742014379952,3246.236204203349],[3714.764700341754,3261.168800138515],[3716.6725707294886,2962.952591484329]],"occupation":[[1388.6392147186364,1597.6391730684093],[1386.6100039514722,2116.621094061355],[3721.991482113475,2131.561949175689],[3725.3116721388824,1612.5882873619107]],"disease_duration":[[1380.6742014379952,3246.236204203349],[1376.6055906713261,3478.595952328795],[3713.278048091572,3493.5450666222964],[3714.764700341754,3261.168800138515]],"death_age":[[2816.373353417977,2427.8696701872286],[2814.911478705297,2656.3729988962805],[3718.596959475558,2662.1544243136564],[3720.0588341882376,2433.6510956046045]],"name":[[1389.9473295901275,989.5714240775126],[1390.0928302521481,1370.4268236176008],[3726.765287672394,1385.3759379111023],[3729.2017455268597,1004.5370567293495]],"birth_date":[[1390.0928302521481,1370.4268236176008],[1388.6392147186364,1597.6391730684093],[2563.4303397199756,1605.1550261109983],[2564.8839552534873,1377.9426766601898]]},"transform":{"rotation":0.0063975206701913055,"translation":[100.04809376469123,5.298888961279787],"scale":1.2910056774680596,"matrix":[[1.2909792582432298,-0.0082591791676804,100.04809376469123],[0.0082591791676804,1.2909792582432298,5.298888961279787],[0,0,1]]},"inverse_transform":{"rotation":-0.0063975206701913055,"translation":[-77.5209184909514,-3.608601591755513],"scale":0.7745899320607292,"matrix":[[0.7745740808015728,0.004955421298315109,-77.5209184909514],[-0.004955421298315109,0.7745740808015726,-3.608601591755513],[0,0,1]]},"document_type":{"classification":"B","confidence":0.9999954700469972},"delivery_tag":"Aarhus_kasse1_omegn"},{"image_id":"8011321491-0014.jpg","processed":true,"shape":{"width":4000,"height":6000},"regions":{"death_date":[[1322.5144154077343,2444.478008393698],[1320.7444766645579,2673.2229516131183],[2753.9543186438646,2684.312567806241],[2755.7242573870412,2455.567624586821]],"birth_place":[[2505.3751139722117,1404.1841124805796],[2503.6151748829516,1631.6367113880258],[3666.725055659666,1640.636399912652],[3668.484994748926,1413.1838010052059]],"death_signs":[[1313.0123552305179,3505.48268887054],[1313.9994881846435,3879.0001939928115],[3649.265659921891,3897.0695686194776],[3652.1555599036874,3523.582062458955]],"residence":[[1324.8543344241373,2142.0694393917524],[1322.5144154077343,2444.478008393698],[3660.36527576893,2462.567382328197],[3662.705194785333,2160.158813326251]],"death_location":[[1320.7444766645579,2673.2229516131183],[1317.122212990097,2974.329176649174],[3656.265417663267,2992.4285502375888],[3658.5953370257535,2691.312325547617]],"death_cause":[[1317.122212990097,2974.329176649174],[1317.3969815593912,3272.88071202303],[3653.955497608613,3290.960086303612],[3656.265417663267,2992.4285502375888]],"occupation":[[1327.581850986496,1622.537026324237],[1324.8543344241373,2142.0694393917524],[3662.705194785333,2160.158813326251],[3666.725055659666,1640.636399912652]],"disease_duration":[[1317.3969815593912,3272.88071202303],[1313.0123552305179,3505.48268887054],[3652.1555599036874,3523.582062458955],[3653.955497608613,3290.960086303612]],"death_age":[[2755.7242573870412,2455.567624586821],[2753.9543186438646,2684.312567806241],[3658.5953370257535,2691.312325547617],[3660.36527576893,2462.567382328197]],"name":[[1329.7069993571022,1013.8228560765908],[1329.3417900757563,1395.084427416791],[3668.484994748926,1413.1838010052059],[3671.43489265422,1031.9422289728384]],"birth_date":[[1329.3417900757563,1395.084427416791],[1327.581850986496,1622.537026324237],[2503.6151748829516,1631.6367113880258],[2505.3751139722117,1404.1841124805796]]},"transform":{"rotation":0.007737453764508594,"translation":[39.75304849576478,26.770903692234594],"scale":1.2923829980970518,"matrix":[[1.292344311974127,-0.009999653916251332,39.75304849576478],[0.009999653916251332,1.292344311974127,26.770903692234594],[0,0,1]]},"inverse_transform":{"rotation":-0.007737453764508593,"translation":[-30.91884925112477,-20.47575530379583],"scale":0.7737644347476202,"matrix":[[0.7737412729247847,0.0059869068005171935,-30.91884925112477],[-0.0059869068005171935,0.7737412729247847,-20.47575530379583],[0,0,1]]},"document_type":{"classification":"B","confidence":0.999997854232788},"delivery_tag":"Aarhus_kasse1_omegn"},{"image_id":"8011321491-0005.jpg","processed":true,"shape":{"width":4000,"height":6000},"regions":{"death_date":[[1357.688638881046,2409.350112414418],[1354.4274896803565,2638.0508141078617],[2787.3601347539648,2658.4836641844972],[2790.6212839546542,2429.7829624910537]],"birth_place":[[2547.1631642499706,1376.9174279418232],[2543.9204396210366,1604.3260352754164],[3706.805363486003,1620.9081498551927],[3710.048088114937,1393.4995425215996]],"death_signs":[[1341.269971110089,3470.1411572794823],[1339.8215529523552,3843.611700991387],[3674.6360612012368,3876.904902153227],[3679.9607624385208,3503.489632156588]],"residence":[[1361.9999886717878,2107.000032209527],[1357.688638881046,2409.350112414418],[3695.087335849628,2442.6801627197688],[3699.3986856403694,2140.3300825148776]],"death_location":[[1354.4274896803565,2638.0508141078617],[1348.8424701015201,2939.0903753811476],[3687.533261429952,2972.4388502582533],[3691.8261866489383,2671.3808644132123]],"death_cause":[[1348.8424701015201,2939.0903753811476],[1347.170582745744,3237.60102165],[3683.277185354476,3270.912647383595],[3687.533261429952,2972.4388502582533]],"occupation":[[1368.1145721575713,1587.559674978087],[1361.9999886717878,2107.000032209527],[3699.3986856403694,2140.3300825148776],[3706.805363486003,1620.9081498551927]],"disease_duration":[[1347.170582745744,3237.60102165],[1341.269971110089,3470.1411572794823],[3679.9607624385208,3503.489632156588],[3683.277185354476,3270.912647383595]],"death_age":[[2790.6212839546542,2429.7829624910537],[2787.3601347539648,2658.4836641844972],[3691.8261866489383,2671.3808644132123],[3695.087335849628,2442.6801627197688]],"name":[[1374.208356734621,978.9463823452443],[1371.3572967865055,1360.1510676444939],[3710.048088114937,1393.4995425215996],[3715.4833367827528,1012.3317063658607]],"birth_date":[[1371.3572967865055,1360.1510676444939],[1368.1145721575713,1587.559674978087],[2543.9204396210366,1604.3260352754164],[2547.1631642499706,1376.9174279418232]]},"transform":{"rotation":0.014258496677964123,"translation":[90.87459569227089,-16.375223743655532],"scale":1.292225715422987,"matrix":[[1.2920943598499623,-0.01842457175530706,90.87459569227089],[0.01842457175530706,1.2920943598499623,-16.375223743655532],[0,0,1]]},"inverse_transform":{"rotation":-0.014258496677964123,"translation":[-70.13626101666758,13.673501615979202],"scale":0.7738586131391665,"matrix":[[0.7737799499146573,0.011033686589016592,-70.13626101666758],[-0.011033686589016592,0.7737799499146574,13.673501615979202],[0,0,1]]},"document_type":{"classification":"B","confidence":0.9999779462814332},"delivery_tag":"Aarhus_kasse1_omegn"},{"image_id":"8011321491-0015.jpg","processed":true,"shape":{"width":4000,"height":6000},"regions":{"death_date":[[1309.23797216739,2420.2560862747964],[1306.6625338212475,2648.9458070817923],[2739.526377747565,2665.0823106177913],[2742.1018160937074,2436.3925898107955]],"birth_place":[[2495.5103571991785,1384.3522453785415],[2492.949469352167,1611.7499338645937],[3655.778558201298,1624.8453830822664],[3658.3394460483096,1397.4476945962142]],"death_signs":[[1295.9999800601029,3481.0000712702617],[1295.6709827741472,3854.4410635203194],[3630.373386719013,3880.73381544958],[3634.578480967799,3507.3364746969146]],"residence":[[1312.6427889639847,2117.9205231740225],[1309.23797216739,2420.2560862747964],[3646.5244407541427,2446.5779392023187],[3649.9292575507375,2144.242376101545]],"death_location":[[1306.6625338212475,2648.9458070817923],[1301.98023520284,2949.974787362492],[3640.5587361105363,2976.311190789145],[3643.9490024080005,2675.2676600093146]],"death_cause":[[1301.98023520284,2949.974787362492],[1301.2031345455243,3248.4633544986973],[3637.1975708113337,3274.7706569270886],[3640.5587361105363,2976.311190789145]],"occupation":[[1317.2000572936017,1598.5089796556135],[1312.6427889639847,2117.9205231740225],[3649.9292575507375,2144.242376101545],[3655.778558201298,1624.8453830822664]],"disease_duration":[[1301.2031345455243,3248.4633544986973],[1295.9999800601029,3481.0000712702617],[3634.578480967799,3507.3364746969146],[3637.1975708113337,3274.7706569270886]],"death_age":[[2742.1018160937074,2436.3925898107955],[2739.526377747565,2665.0823106177913],[3643.9490024080005,2675.2676600093146],[3646.5244407541427,2446.5779392023187]],"name":[[1321.4692777422968,989.9326554929737],[1319.7609451406133,1371.1112911695614],[3658.3394460483096,1397.4476945962142],[3662.63184329188,1016.2981599178879]],"birth_date":[[1319.7609451406133,1371.1112911695614],[1317.2000572936017,1598.5089796556135],[2492.949469352167,1611.7499338645937],[2495.5103571991785,1384.3522453785415]]},"transform":{"rotation":0.011261238448501089,"translation":[35.269004857889314,-1.452480267566393],"scale":1.2921142501294325,"matrix":[[1.2920323209434785,-0.014550499130747373,35.269004857889314],[0.014550499130747373,1.2920323209434785,-1.452480267566393],[0,0,1]]},"inverse_transform":{"rotation":-0.011261238448501089,"translation":[-27.281188307441028,1.4314155647198201],"scale":0.7739253706859349,"matrix":[[0.7738762983414398,0.00871517393473604,-27.281188307441028],[-0.008715173934736042,0.7738762983414399,1.4314155647198201],[0,0,1]]},"document_type":{"classification":"B","confidence":0.9999778270721436},"delivery_tag":"Aarhus_kasse1_omegn"},{"image_id":"8011321491-0002.jpg","processed":true,"shape":{"width":4000,"height":6000},"regions":{"death_date":[[1290.745676395877,2403.928967820991],[1288.899975426266,2632.822127355906],[2723.038472173276,2644.386434560982],[2724.884173142887,2415.493275026067]],"birth_place":[[2474.715118229559,1363.3442030697215],[2472.879844949042,1590.9441809123487],[3636.7433680079316,1600.3291010968103],[3638.5786412884486,1372.7291232541832]],"death_signs":[[1280.8913619575417,3465.6207095000623],[1281.757304886283,3839.381501638476],[3618.536622850076,3858.2243358310566],[3621.550224998198,3484.4948267599243]],"residence":[[1293.185755643837,2101.3244518256797],[1290.745676395877,2403.928967820991],[3630.1113577442457,2422.7926573917593],[3632.5514369922057,2120.188141396448]],"death_location":[[1288.899975426266,2632.822127355906],[1285.1771421751125,2934.123033969836],[3625.8360052157686,2952.997151229698],[3628.265656774635,2651.6858169266743]],"death_cause":[[1285.1771421751125,2934.123033969836],[1285.3547093790091,3232.868860266472],[3623.42720903509,3251.7221221481464],[3625.8360052157686,2952.997151229698]],"occupation":[[1296.0845049672757,1581.4549838369485],[1293.185755643837,2101.3244518256797],[3632.5514369922057,2120.188141396448],[3636.7433680079316,1600.3291010968103]],"disease_duration":[[1285.3547093790091,3232.868860266472],[1280.8913619575417,3465.6207095000623],[3621.550224998198,3484.4948267599243],[3623.42720903509,3251.7221221481464]],"death_age":[[2724.884173142887,2415.493275026067],[2723.038472173276,2644.386434560982],[3628.265656774635,2651.6858169266743],[3630.1113577442457,2422.7926573917593]],"name":[[1298.409583145902,972.3455513912754],[1297.9197782477927,1353.8550059943213],[3638.5786412884486,1372.7291232541832],[3641.6548095711332,991.2405240293249]],"birth_date":[[1297.9197782477927,1353.8550059943213],[1296.0845049672757,1581.4549838369485],[2472.879844949042,1590.9441809123487],[2474.715118229559,1363.3442030697215]]},"transform":{"rotation":0.008063416886288897,"translation":[7.9384970440440545,-15.76920782841351],"scale":1.2932237339176085,"matrix":[[1.2931816922876551,-0.010427689093846289,7.9384970440440545],[0.010427689093846289,1.2931816922876551,-15.76920782841351],[0,0,1]]},"inverse_transform":{"rotation":-0.008063416886288897,"translation":[-6.040011829690366,12.242820392770426],"scale":0.773261403864484,"matrix":[[0.7732362657782073,0.006235061495000113,-6.040011829690366],[-0.006235061495000112,0.7732362657782073,12.242820392770426],[0,0,1]]},"document_type":{"classification":"B","confidence":0.9999825954437256},"delivery_tag":"Aarhus_kasse1_omegn"},{"image_id":"8011321491-0017.jpg","processed":true,"shape":{"width":4000,"height":6000},"regions":{"death_date":[[1369.2139209543768,2437.590613173963],[1364.486449018325,2665.7696759125374],[2794.1507460639677,2695.3898249355966],[2798.8782180000194,2467.210762197022]],"birth_place":[[2562.7363799455516,1415.0814213442961],[2558.0356168904946,1641.9713368357598],[3718.268139290024,1666.0093297309384],[3722.968902345081,1439.1194142394747]],"death_signs":[[1345.9967824106643,3495.9537941707617],[1342.1453575445444,3868.5974752287057],[3671.6344330733773,3916.8604231860254],[3679.3532996808294,3544.2968687710654]],"residence":[[1375.4637991071231,2135.9301573500857],[1369.2139209543768,2437.590613173963],[3701.281290977431,2485.906978893272],[3707.5311691301777,2184.2465230693947]],"death_location":[[1364.486449018325,2665.7696759125374],[1356.9741324994625,2966.1142756083095],[3690.3306497696276,3014.457350208613],[3696.5538190413795,2714.0860416318465]],"death_cause":[[1356.9741324994625,2966.1142756083095],[1353.3826754839213,3263.960707452845],[3684.160898259865,3312.2503642911593],[3690.3306497696276,3014.457350208613]],"occupation":[[1384.911622019859,1617.666255130635],[1375.4637991071231,2135.9301573500857],[3707.5311691301777,2184.2465230693947],[3718.268139290024,1666.0093297309384]],"disease_duration":[[1353.3826754839213,3263.960707452845],[1345.9967824106643,3495.9537941707617],[3679.3532996808294,3544.2968687710654],[3684.160898259865,3312.2503642911593]],"death_age":[[2798.8782180000194,2467.210762197022],[2794.1507460639677,2695.3898249355966],[3696.5538190413795,2714.0860416318465],[3701.281290977431,2485.906978893272]],"name":[[1394.9132104741145,1010.4244839795584],[1389.6123850749161,1390.7763396391713],[3722.968902345081,1439.1194142394747],[3730.8480222385006,1058.8209763418513]],"birth_date":[[1389.6123850749161,1390.7763396391713],[1384.911622019859,1617.666255130635],[2558.0356168904946,1641.9713368357598],[2562.7363799455516,1415.0814213442961]]},"transform":{"rotation":0.02071529104036154,"translation":[120.80128840703411,9.013448645332277],"scale":1.2894238981253583,"matrix":[[1.2891472471105883,-0.026708880994642838,120.80128840703411],[0.026708880994642838,1.2891472471105883,9.013448645332277],[0,0,1]]},"inverse_transform":{"rotation":-0.020715291040361537,"translation":[-93.81094382168814,-5.048192380963455],"scale":0.7755401473897452,"matrix":[[0.775373752173182,0.016064390875115193,-93.81094382168814],[-0.016064390875115193,0.775373752173182,-5.048192380963455],[0,0,1]]},"document_type":{"classification":"B","confidence":0.9999946355819702},"delivery_tag":"Aarhus_kasse1_omegn"},{"image_id":"8011321491-0022.jpg","processed":true,"shape":{"width":4000,"height":6000},"regions":{"death_date":[[1312.7822104150268,2409.001011839227],[1310.0667445890897,2636.838419496069],[2737.5903891734815,2653.8522703489743],[2740.305854999419,2426.0148626921323]],"birth_place":[[2495.319847763784,1377.7263418868054],[2492.619723552683,1604.2765325512355],[3651.1150167230644,1618.0839859034581],[3653.8151409341654,1391.533795239028]],"death_signs":[[1298.899527642421,3465.7908209942616],[1298.3274519321085,3837.8425566457026],[3624.3285572197524,3865.5648546539987],[3628.762283907299,3493.559143847065]],"residence":[[1316.3721482866047,2107.792235614928],[1312.7822104150268,2409.001011839227],[3641.3577496874937,2436.7539930771945],[3644.9476875590713,2135.5452168528955]],"death_location":[[1310.0667445890897,2636.838419496069],[1305.2049313399361,2936.7446371131205],[3635.067687604814,2964.512959965924],[3638.6422838615563,2664.5914007340366]],"death_cause":[[1305.2049313399361,2936.7446371131205],[1304.2354522976887,3234.1224455898573],[3631.523774577744,3261.860085212989],[3635.067687604814,2964.512959965924]],"occupation":[[1321.252260458186,1590.3156630506546],[1316.3721482866047,2107.792235614928],[3644.9476875590713,2135.5452168528955],[3651.1150167230644,1618.0839859034581]],"disease_duration":[[1304.2354522976887,3234.1224455898573],[1298.899527642421,3465.7908209942616],[3628.762283907299,3493.559143847065],[3631.523774577744,3261.860085212989]],"death_age":[[2740.305854999419,2426.0148626921323],[2737.5903891734815,2653.8522703489743],[3638.6422838615563,2664.5914007340366],[3641.3577496874937,2436.7539930771945]],"name":[[1325.903727061026,984.0057763951502],[1323.9523846692873,1363.7654723862245],[3653.8151409341654,1391.533795239028],[3658.3409173107275,1011.8047824776252]],"birth_date":[[1323.9523846692873,1363.7654723862245],[1321.252260458186,1590.3156630506546],[2492.619723552683,1604.2765325512355],[2495.319847763784,1377.7263418868054]]},"transform":{"rotation":0.01191787287385171,"translation":[45.136127495711804,-4.53325116311656],"scale":1.2873084132012687,"matrix":[[1.287216992411535,-0.015341614835802968,45.136127495711804],[0.015341614835802968,1.287216992411535,-4.53325116311656],[0,0,1]]},"inverse_transform":{"rotation":-0.01191787287385171,"translation":[-35.017946102624265,3.939105088307325],"scale":0.7768146232441748,"matrix":[[0.776759456195156,0.009257758767376462,-35.017946102624265],[-0.009257758767376462,0.776759456195156,3.939105088307325],[0,0,1]]},"document_type":{"classification":"B","confidence":0.999996304512024},"delivery_tag":"Aarhus_kasse1_omegn"},{"image_id":"8011321491-0018.jpg","processed":true,"shape":{"width":4000,"height":6000},"regions":{"death_date":[[1307.0416267871005,2417.470981473881],[1304.76491225429,2645.730891813875],[2734.93576291561,2659.9957303273604],[2737.2124774484205,2431.735819987366]],"birth_place":[[2489.736263508552,1382.0048024583411],[2487.472411769712,1608.975108785115],[3648.116023667988,1620.5516233587277],[3650.379875406828,1393.5813170319539]],"death_signs":[[1295.1916689239513,3476.2230135337823],[1295.3431335060855,3848.957161736362],[3625.6575853951795,3872.2002304413822],[3629.374932852706,3499.504670620714]],"residence":[[1310.0515205762397,2115.7036423803293],[1307.0416267871005,2417.470981473881],[3639.935286702635,2440.7397757668423],[3642.9451804917744,2138.9724366732908]],"death_location":[[1304.76491225429,2645.730891813875],[1300.4782772459012,2946.1957641002364],[3634.661541174656,2969.477421187168],[3637.6585721698248,2668.9996861068366]],"death_cause":[[1300.4782772459012,2946.1957641002364],[1300.0861798651142,3244.120016742068],[3631.690235767429,3267.3759482410587],[3634.661541174656,2969.477421187168]],"occupation":[[1313.9327597392332,1597.2699662717955],[1310.0515205762397,2115.7036423803293],[3642.9451804917744,2138.9724366732908],[3648.116023667988,1620.5516233587277]],"disease_duration":[[1300.0861798651142,3244.120016742068],[1295.1916689239513,3476.2230135337823],[3629.374932852706,3499.504670620714],[3631.690235767429,3267.3759482410587]],"death_age":[[2737.2124774484205,2431.735819987366],[2734.93576291561,2659.9957303273604],[3637.6585721698248,2668.9996861068366],[3639.935286702635,2440.7397757668423]],"name":[[1317.4119276729832,989.8407504570898],[1316.196611478073,1370.2996599450216],[3650.379875406828,1393.5813170319539],[3654.174399628179,1013.1481331319634]],"birth_date":[[1316.196611478073,1370.2996599450216],[1313.9327597392332,1597.2699662717955],[2487.472411769712,1608.975108785115],[2489.736263508552,1382.0048024583411]]},"transform":{"rotation":0.009973889125910464,"translation":[32.37377064163035,1.9858713159746602],"scale":1.2896681597925306,"matrix":[[1.2896040132203064,-0.012862793970680783,32.37377064163035],[0.012862793970680783,1.2896040132203064,1.9858713159746602],[0,0,1]]},"inverse_transform":{"rotation":-0.009973889125910464,"translation":[-25.11651287539681,-1.289390207032815],"scale":0.775393260977204,"matrix":[[0.7753546938315085,0.0077335581920612555,-25.11651287539681],[-0.007733558192061255,0.7753546938315085,-1.289390207032815],[0,0,1]]},"document_type":{"classification":"B","confidence":0.9999718666076659},"delivery_tag":"Aarhus_kasse1_omegn"},{"image_id":"8011321491-0024.jpg","processed":true,"shape":{"width":4000,"height":6000},"regions":{"death_date":[[1288.465514135152,2423.7329968869103],[1285.991305921767,2651.453789814681],[2712.7842966387034,2666.9560322363973],[2715.258504852088,2439.2352393086267]],"birth_place":[[2469.29747933635,1391.7543042802265],[2466.837249700442,1618.188539055863],[3624.739586621311,1630.7692587849385],[3627.199816257219,1404.335024009302]],"death_signs":[[1275.7025438746052,3479.9832612116925],[1275.5224094402272,3851.8405029109344],[3600.3329903469044,3877.099792411423],[3604.3727992376853,3505.284486444611]],"residence":[[1291.7365012647117,2122.6783892874846],[1288.465514135152,2423.7329968869103],[3615.8492113460975,2449.020243542352],[3619.120198475657,2147.9656359429264]],"death_location":[[1285.991305921767,2651.453789814681],[1281.4477392175497,2951.2078606844957],[3610.11799458063,2976.5090859174143],[3613.3750031327127,2676.7410364701227]],"death_cause":[[1281.4477392175497,2951.2078606844957],[1280.791804124689,3248.430750982472],[3606.8889431835005,3273.7040190604375],[3610.11799458063,2976.5090859174143]],"occupation":[[1296.069331258231,1605.4680335520197],[1291.7365012647117,2122.6783892874846],[3619.120198475657,2147.9656359429264],[3624.739586621311,1630.7692587849385]],"disease_duration":[[1280.791804124689,3248.430750982472],[1275.7025438746052,3479.9832612116925],[3604.3727992376853,3505.284486444611],[3606.8889431835005,3273.7040190604375]],"death_age":[[2715.258504852088,2439.2352393086267],[2712.7842966387034,2666.9560322363973],[3613.3750031327127,2676.7410364701227],[3615.8492113460975,2449.020243542352]],"name":[[1300.0801249455121,999.4711867418116],[1298.5295608941392,1379.0337987763833],[3627.199816257219,1404.335024009302],[3631.3234966128607,1024.800369129684]],"birth_date":[[1298.5295608941392,1379.0337987763833],[1296.069331258231,1605.4680335520197],[2466.837249700442,1618.188539055863],[2469.29747933635,1391.7543042802265]]},"transform":{"rotation":0.01086466821112942,"translation":[18.94354477509995,12.79873194162442],"scale":1.2866340891844479,"matrix":[[1.2865581521342984,-0.013978577476750704,18.94354477509995],[0.013978577476750704,1.2865581521342984,12.79873194162442],[0,0,1]]},"inverse_transform":{"rotation":-0.010864668211129422,"translation":[-14.830539723201095,-9.786904752181975],"scale":0.777221751239208,"matrix":[[0.7771758796681084,0.008444090326566529,-14.830539723201095],[-0.008444090326566529,0.7771758796681084,-9.786904752181975],[0,0,1]]},"document_type":{"classification":"B","confidence":0.9999812841415404},"delivery_tag":"Aarhus_kasse1_omegn"},{"image_id":"8011321491-0023.jpg","processed":true,"shape":{"width":4000,"height":6000},"regions":{"death_date":[[1310.647037611377,2422.2683284623713],[1307.9035012152306,2650.960346949884],[2740.7817413432053,2668.150074991276],[2743.5252777393516,2439.4580565037636]],"birth_place":[[2497.702384271377,1387.2172300004327],[2494.9743480808584,1614.