[{"image_id":"DSC_0010.JPG","processed":true,"shape":{"width":4000,"height":6000},"regions":{"death_date":[[1384.1065830093964,2342.6715000988397],[1382.3840015360347,2572.1774301024016],[2820.3618341572223,2582.9703275823904],[2822.084415630584,2353.4643975788285]],"birth_place":[[2570.6581453235626,1298.6433158976722],[2568.9452959489204,1526.8526022288977],[3735.924601051778,1535.611491076499],[3737.6374504264204,1307.4022047452736]],"death_signs":[[1374.8198862883035,3407.206222988394],[1375.897240775361,3781.9654405898036],[3718.9323566874314,3799.551342976043],[3721.7449332173833,3424.8213216707923]],"residence":[[1386.3838941097729,2039.2568807720966],[1384.1065830093964,2342.6715000988397],[3729.73498626614,2360.2768666825186],[3732.012297366516,2056.8622473557757]],"death_location":[[1382.3840015360347,2572.1774301024016],[1378.8197788620414,2874.285673658089],[3725.7448257911215,2891.900772340487],[3728.0124047927784,2589.7827966860805]],"death_cause":[[1378.8197788620414,2874.285673658089],[1379.1649514024966,3173.8298261652612],[3723.496710986904,3191.4254606502204],[3725.7448257911215,2891.900772340487]],"occupation":[[1388.999554122698,1517.996392394101],[1386.3838941097729,2039.2568807720966],[3732.012297366516,2056.8622473557757],[3735.924601051778,1535.611491076499]],"disease_duration":[[1379.1649514024966,3173.8298261652612],[1374.8198862883035,3407.206222988394],[3721.7449332173833,3424.8213216707923],[3723.496710986904,3191.4254606502204]],"death_age":[[2822.084415630584,2353.4643975788285],[2820.3618341572223,2582.9703275823904],[3728.0124047927784,2589.7827966860805],[3729.73498626614,2360.2768666825186]],"name":[[1390.9900852749365,907.2577585261662],[1390.7124034973401,1289.7871060628754],[3737.6374504264204,1307.4022047452736],[3740.5084195486897,924.8923214060037]],"birth_date":[[1390.7124034973401,1289.7871060628754],[1388.999554122698,1517.996392394101],[2568.9452959489204,1526.8526022288977],[2570.6581453235626,1298.6433158976722]]},"transform":{"rotation":0.007505466755081066,"translation":[96.51730488106725,-82.77588487466959],"scale":1.2966801944796542,"matrix":[[1.2966436723365085,-0.009732098719557122,96.51730488106725],[0.009732098719557122,1.2966436723365085,-82.77588487466959],[0,0,1]]},"inverse_transform":{"rotation":-0.007505466755081065,"translation":[-73.95294612735594,64.3936372253503],"scale":0.7712001804741767,"matrix":[[0.7711784589398267,0.005788162972541432,-73.95294612735594],[-0.005788162972541431,0.7711784589398268,64.3936372253503],[0,0,1]]},"document_type":{"classification":"B","confidence":0.9999572038650512},"delivery_tag":"Aarhus_kasse3_omegn"},{"image_id":"DSC_0009.JPG","processed":true,"shape":{"width":4000,"height":6000},"regions":{"death_date":[[1392.8689908162826,2345.701594850875],[1391.6793733738498,2575.0497212143255],[2828.6684814928676,2582.5033129864046],[2829.8580989353004,2353.1551866229543]],"birth_place":[[2576.1651276955567,1299.6602595291236],[2574.982231255624,1527.7126337662266],[3741.1591449680823,1533.7615360158852],[3742.342041408015,1305.7091617787821]],"death_signs":[[1386.055295637747,3409.507369579407],[1388.000182294398,3783.9998971012396],[3729.4242746037444,3796.144748618054],[3731.366644326135,3421.67238410372]],"residence":[[1394.4417054011938,2042.495597285636],[1392.8689908162826,2345.701594850875],[3736.8845873783234,2357.8598883726886],[3738.457301963235,2054.6538908074494]],"death_location":[[1391.6793733738498,2575.0497212143255],[1388.8176276650909,2876.9532456507177],[3734.128976353479,2889.1182601750306],[3735.6949699358906,2587.208014736139]],"death_cause":[[1388.8176276650909,2876.9532456507177],[1389.8565803403728,3176.2854288419144],[3732.5764247760667,3188.4370013612283],[3734.128976353479,2889.1182601750306]],"occupation":[[1395.847796279694,1521.5965214915718],[1394.4417054011938,2042.495597285636],[3738.457301963235,2054.6538908074494],[3741.1591449680823,1533.7615360158852]],"disease_duration":[[1389.8565803403728,3176.2854288419144],[1386.055295637747,3409.507369579407],[3731.366644326135,3421.67238410372],[3732.5764247760667,3188.4370013612283]],"death_age":[[2829.8580989353004,2353.1551866229543],[2828.6684814928676,2582.5033129864046],[3735.6949699358906,2587.208014736139],[3736.8845873783234,2357.8598883726886]],"name":[[1396.4218842043208,911.2838279770526],[1397.0306927196273,1293.5441472544687],[3742.342041408015,1305.7091617787821],[3744.3247371454036,923.4622845063651]],"birth_date":[[1397.0306927196273,1293.5441472544687],[1395.847796279694,1521.5965214915718],[2574.982231255624,1527.7126337662266],[2576.1651276955567,1299.6602595291236]]},"transform":{"rotation":0.005186904261205498,"translation":[100.56782724146954,-75.05266605103141],"scale":1.2957695569845078,"matrix":[[1.2957521263471758,-0.006721002499620593,100.56782724146954],[0.006721002499620593,1.2957521263471758,-75.05266605103141],[0,0,1]]},"inverse_transform":{"rotation":-0.005186904261205498,"translation":[-77.31095750749016,58.323094095729026],"scale":0.7717421624931383,"matrix":[[0.771731781050176,0.004002934761987929,-77.31095750749016],[-0.004002934761987929,0.771731781050176,58.323094095729026],[0,0,1]]},"document_type":{"classification":"B","confidence":0.9999959468841552},"delivery_tag":"Aarhus_kasse3_omegn"},{"image_id":"DSC_0012.JPG","processed":true,"shape":{"width":4000,"height":6000},"regions":{"death_date":[[1344.898007145832,2333.1933163713275],[1343.2034913543475,2562.3206952837154],[2778.8094982121906,2572.9377462032417],[2780.5040140036754,2343.8103672908537]],"birth_place":[[2529.376731744962,1290.7576281091826],[2527.6917894890225,1518.5905020559637],[3692.7462585350627,1527.2066840465623],[3694.431200791002,1299.3738100997812]],"death_signs":[[1335.7436294976903,3395.972319598892],[1336.8603926219737,3770.1129752658676],[3676.030865473301,3787.4123539958805],[3678.797617245838,3413.3004189355406]],"residence":[[1347.1382144633876,2030.2791544193574],[1344.898007145832,2333.1933163713275],[3686.6574899283733,2350.5118421724305],[3688.8976972459286,2047.5976802204605]],"death_location":[[1343.2034913543475,2562.3206952837154],[1339.6783526067304,2863.930778734534],[3682.732340354878,2881.2588780711826],[3684.9629741368885,2579.6392210848185]],"death_cause":[[1339.6783526067304,2863.930778734534],[1340.0558758270236,3162.9805728607744],[3680.5208536439577,3180.2895251263326],[3682.732340354878,2881.2588780711826]],"occupation":[[1349.692270786915,1509.8785847099139],[1347.1382144633876,2030.2791544193574],[3688.8976972459286,2047.5976802204605],[3692.7462585350627,1527.2066840465623]],"disease_duration":[[1340.0558758270236,3162.9805728607744],[1335.7436294976903,3395.972319598892],[3678.797617245838,3413.3004189355406],[3680.5208536439577,3180.2895251263326]],"death_age":[[2780.5040140036754,2343.8103672908537],[2778.8094982121906,2572.9377462032417],[3684.9629741368885,2579.6392210848185],[3686.6574899283733,2350.5118421724305]],"name":[[1351.6123960974483,900.1475988380625],[1351.3772130428542,1282.0457107631328],[3694.431200791002,1299.3738100997812],[3697.2553937768093,917.4948452458013]],"birth_date":[[1351.3772130428542,1282.0457107631328],[1349.692270786915,1509.8785847099139],[2527.6917894890225,1518.5905020559637],[2529.376731744962,1290.7576281091826]]},"transform":{"rotation":0.007395383770509422,"translation":[59.16700350041294,-88.10998484790122],"scale":1.294540365752751,"matrix":[[1.2945049656067114,-0.009573535545109637,59.16700350041294],[0.009573535545109637,1.2945049656067114,-88.10998484790122],[0,0,1]]},"inverse_transform":{"rotation":-0.007395383770509423,"translation":[-45.20043242477841,68.39889776156691],"scale":0.7724749466723031,"matrix":[[0.7724538227841281,0.005712696610563956,-45.20043242477841],[-0.005712696610563956,0.772453822784128,68.39889776156691],[0,0,1]]},"document_type":{"classification":"B","confidence":0.99998676776886},"delivery_tag":"Aarhus_kasse3_omegn"},{"image_id":"DSC_0017.JPG","processed":true,"shape":{"width":4000,"height":6000},"regions":{"death_date":[[1381.833155395037,2369.3265449747596],[1380.2063166535436,2598.7109058104406],[2817.42245318897,2608.903923687932],[2819.049291930463,2379.519562852251]],"birth_place":[[2567.321161370894,1325.364372191958],[2565.7035138087313,1553.4527761867596],[3732.0646706003304,1561.7248375841828],[3733.682318162493,1333.636433589381]],"death_signs":[[1372.9912403238418,3433.2979201575436],[1374.2228600199746,3807.8570207097264],[3716.01687148933,3824.4654817598857],[3718.673122315836,3449.9339547456943]],"residence":[[1383.9838913583667,2066.0726442089435],[1381.833155395037,2369.3265449747596],[3726.2190805461514,2385.9533883835797],[3728.3698165094816,2082.6994876177637]],"death_location":[[1380.2063166535436,2598.7109058104406],[1376.768815028665,2900.6596585560465],[3722.450697020659,2917.2956931441972],[3724.5922418046584,2615.337749219261]],"death_cause":[[1376.768815028665,2900.6596585560465],[1377.2375662850854,3200.044071157885],[3720.3275345953202,3216.6617233873744],[3722.450697020659,2917.2956931441972]],"occupation":[[1386.3827886083363,1545.088802996032],[1383.9838913583667,2066.0726442089435],[3728.3698165094816,2082.6994876177637],[3732.0646706003304,1561.7248375841828]],"disease_duration":[[1377.2375662850854,3200.044071157885],[1372.9912403238418,3433.2979201575436],[3718.673122315836,3449.9339547456943],[3720.3275345953202,3216.6617233873744]],"death_age":[[2819.049291930463,2379.519562852251],[2817.42245318897,2608.903923687932],[3724.5922418046584,2615.337749219261],[3726.2190805461514,2385.9533883835797]],"name":[[1388.1199203912283,934.6747485831006],[1388.0004361704991,1317.0003990012303],[3733.682318162493,1333.636433589381],[3736.393716064982,951.3291655299123]],"birth_date":[[1388.0004361704991,1317.0003990012303],[1386.3827886083363,1545.088802996032],[2565.7035138087313,1553.4527761867596],[2567.321161370894,1325.364372191958]]},"transform":{"rotation":0.007092076635652756,"translation":[93.92778372199075,-54.29656716963488],"scale":1.2959894332902568,"matrix":[[1.295956840879555,-0.009191179330470027,93.92778372199075],[0.009191179330470027,1.295956840879555,-54.29656716963488],[0,0,1]]},"inverse_transform":{"rotation":-0.007092076635652755,"translation":[-72.17678398680734,42.40878646657197],"scale":0.7716112294690559,"matrix":[[0.7715918244728059,0.005472280098341037,-72.17678398680734],[-0.005472280098341037,0.7715918244728059,42.40878646657197],[0,0,1]]},"document_type":{"classification":"B","confidence":0.9999746084213256},"delivery_tag":"Aarhus_kasse3_omegn"},{"image_id":"DSC_0016.JPG","processed":true,"shape":{"width":4000,"height":6000},"regions":{"death_date":[[1278.2790334414487,2315.043149458541],[1278.712690779214,2543.278457407402],[2708.7293942554124,2540.5613614323643],[2708.295736917647,2312.326053483503]],"birth_place":[[2448.413299923084,1265.7704682466538],[2448.844507219393,1492.7163111788548],[3609.3630222136026,1490.5112738681842],[3608.9318149172937,1263.5654309359832]],"death_signs":[[1279.0010524604113,3373.6963781780482],[1283.577509491263,3746.344417868487],[3613.6407945963037,3741.9171929569516],[3612.932732615433,3369.261803142144]],"residence":[[1277.7057237406743,2013.3083355600463],[1278.2790334414487,2315.043149458541],[3610.92124857981,2310.6110244640927],[3610.3479388790356,2008.876210565598]],"death_location":[[1278.712690779214,2543.278457407402],[1277.9940854218717,2843.7262563306926],[3611.9257655768934,2839.2916812947883],[3611.3549059175753,2538.846332412954]],"death_cause":[[1277.9940854218717,2843.7262563306926],[1281.1389750315977,3141.5877750962936],[3612.491725153299,3137.158100143302],[3611.9257655768934,2839.2916812947883]],"occupation":[[1275.4313420585809,1494.9458489040885],[1277.7057237406743,2013.3083355600463],[3610.3479388790356,2008.876210565598],[3609.3630222136026,1490.5112738681842]],"disease_duration":[[1281.1389750315977,3141.5877750962936],[1279.0010524604113,3373.6963781780482],[3612.932732615433,3369.261803142144],[3612.491725153299,3137.158100143302]],"death_age":[[2708.295736917647,2312.326053483503],[2708.7293942554124,2540.5613614323643],[3611.3549059175753,2538.846332412954],[3610.92124857981,2310.6110244640927]],"name":[[1271.698442499343,887.6127261400316],[1275.000134762272,1268.0000059718875],[3608.9318149172937,1263.5654309359832],[3608.209052687685,883.1732510212145]],"birth_date":[[1275.000134762272,1268.0000059718875],[1275.4313420585809,1494.9458489040885],[2448.844507219393,1492.7163111788548],[2448.413299923084,1265.7704682466538]]},"transform":{"rotation":-0.0019000426349657397,"translation":[-24.776665568494515,-84.76298483297856],"scale":1.2894673442525455,"matrix":[[1.289465016660233,0.002450041456300827,-24.776665568494515],[-0.002450041456300827,1.289465016660233,-84.76298483297856],[0,0,1]]},"inverse_transform":{"rotation":0.0019000426349657395,"translation":[19.0897177553134,65.77127284346875],"scale":0.7755140170530347,"matrix":[[0.7755126171878327,-0.0014735088098130182,19.0897177553134],[0.001473508809813018,0.7755126171878328,65.77127284346875],[0,0,1]]},"document_type":{"classification":"B","confidence":0.9999171495437622},"delivery_tag":"Aarhus_kasse3_omegn"},{"image_id":"DSC_0020.JPG","processed":true,"shape":{"width":4000,"height":6000},"regions":{"death_date":[[1361.3028566781122,2278.9732396887284],[1361.000910805997,2508.9993669074406],[2802.2380581819966,2510.891219857587],[2802.5400040541117,2280.865092638875]],"birth_place":[[2544.0086741355535,1225.2628074636355],[2543.7084341723203,1453.9893520426938],[3713.3328098606876,1455.5246700365005],[3713.633049823921,1226.7981254574422]],"death_signs":[[1358.6027228463304,3345.9288809355685],[1362.0084630983913,3721.5133815221457],[3710.354292952702,3724.5959588719334],[3710.8473006196023,3349.016576012002]],"residence":[[1361.7020393565022,1974.870902009753],[1361.3028566781122,2278.9732396887284],[3712.2478518117305,2282.0592288562802],[3712.6470344901204,1977.956891177305]],"death_location":[[1361.000910805997,2508.9993669074406],[1359.3038513968354,2811.8004160378805],[3711.5484291701073,2814.888111114314],[3711.9459059396154,2512.0853560749924]],"death_cause":[[1359.3038513968354,2811.8004160378805],[1361.5089517243991,3112.007417615659],[3711.1543642183638,3115.0917008743286],[3711.5484291701073,2814.888111114314]],"occupation":[[1361.0882320874155,1452.436974960067],[1361.7020393565022,1974.870902009753],[3712.6470344901204,1977.956891177305],[3713.3328098606876,1455.5246700365005]],"disease_duration":[[1361.5089517243991,3112.007417615659],[1358.6027228463304,3345.9288809355685],[3710.8473006196023,3349.016576012002],[3711.1543642183638,3115.0917008743286]],"death_age":[[2802.5400040541117,2280.865092638875],[2802.2380581819966,2510.891219857587],[3711.9459059396154,2512.0853560749924],[3712.2478518117305,2282.0592288562802]],"name":[[1359.2925498915336,840.3301398653907],[1361.3884720506487,1223.7104303810086],[3713.633049823921,1226.7981254574422],[3714.136292944113,843.4212467595885]],"birth_date":[[1361.3884720506487,1223.7104303810086],[1361.0882320874155,1452.436974960067],[2543.7084341723203,1453.9893520426938],[2544.0086741355535,1225.2628074636355]]},"transform":{"rotation":0.0013126582720902667,"translation":[55.80124679397467,-143.8670682303736],"scale":1.299583759291605,"matrix":[[1.2995826396537415,-0.0017059088820076287,55.80124679397467],[0.0017059088820076287,1.2995826396537415,-143.8670682303736],[0,0,1]]},"inverse_transform":{"rotation":-0.0013126582720902667,"translation":[-42.79243263747698,110.75868808130872],"scale":0.769477144393597,"matrix":[[0.7694764814615315,0.0010100602487048817,-42.79243263747698],[-0.0010100602487048817,0.7694764814615314,110.75868808130872],[0,0,1]]},"document_type":{"classification":"B","confidence":0.999957799911499},"delivery_tag":"Aarhus_kasse3_omegn"},{"image_id":"DSC_0018.JPG","processed":true,"shape":{"width":4000,"height":6000},"regions":{"death_date":[[1389.0679123399332,2321.031043254821],[1388.2342252178578,2549.8514703178885],[2821.9170139915427,2555.0749675968805],[2822.750701113618,2326.254540533813]],"birth_place":[[2568.0211447888246,1275.5826524003317],[2567.192167763484,1503.1103086890319],[3730.685864694338,1507.349395750432],[3731.5148417196783,1279.8217394617318]],"death_signs":[[1383.9081521462215,3382.3911389138975],[1386.4252465129414,3756.016022996343],[3722.4620357952217,3764.527167796288],[3723.8232537516046,3390.916414004047]],"residence":[[1390.170074975897,2018.5226820527987],[1389.0679123399332,2321.031043254821],[3727.6902431709486,2329.5516082482354],[3728.7924058069125,2027.0432470462133]],"death_location":[[1388.2342252178578,2549.8514703178885],[1385.844001904261,2851.0623506488078],[3725.759103509644,2859.5876257389573],[3726.8565560488732,2558.372035311303]],"death_cause":[[1385.844001904261,2851.0623506488078],[1387.3415111072368,3149.701819721197],[3724.671071163885,3158.2176746178766],[3725.759103509644,2859.5876257389573]],"occupation":[[1390.770763088955,1498.8241206602827],[1390.170074975897,2018.5226820527987],[3728.7924058069125,2027.0432470462133],[3730.685864694338,1507.349395750432]],"disease_duration":[[1387.3415111072368,3149.701819721197],[1383.9081521462215,3382.3911389138975],[3723.8232537516046,3390.916414004047],[3724.671071163885,3158.2176746178766]],"death_age":[[2822.750701113618,2326.254540533813],[2821.9170139915427,2555.0749675968805],[3726.8565560488732,2558.372035311303],[3727.6902431709486,2329.5516082482354]],"name":[[1390.4036771023525,889.9196657396664],[1391.5997401142954,1271.2964643715825],[3731.5148417196783,1279.8217394617318],[3732.904320256471,898.4543610232854]],"birth_date":[[1391.5997401142954,1271.2964643715825],[1390.770763088955,1498.8241206602827],[2567.192167763484,1503.1103086890319],[2568.0211447888246,1275.5826524003317]]},"transform":{"rotation":0.0036433960197169496,"translation":[96.02265276884337,-92.14397680407912],"scale":1.2927793547509545,"matrix":[[1.292770774367615,-0.0047100967348890944,96.02265276884337],[0.0047100967348890944,1.292770774367615,-92.14397680407912],[0,0,1]]},"inverse_transform":{"rotation":-0.003643396019716949,"translation":[-74.01595550230613,71.54601646967527],"scale":0.7735272042557048,"matrix":[[0.7735220702319351,0.0028182597020313337,-74.01595550230613],[-0.0028182597020313333,0.7735220702319352,71.54601646967527],[0,0,1]]},"document_type":{"classification":"B","confidence":0.9999628067016602},"delivery_tag":"Aarhus_kasse3_omegn"},{"image_id":"DSC_0022.JPG","processed":true,"shape":{"width":4000,"height":6000},"regions":{"death_date":[[1376.9679917024782,2352.9933357597765],[1379.2951717666338,2581.6560784542726],[2811.989983338364,2567.075046300891],[2809.6628032742083,2338.4123036063947]],"birth_place":[[2540.610719935262,1292.0354049900116],[2542.9247520894505,1519.406267782279],[3705.6166640953634,1507.5731488119964],[3703.3026319411747,1280.202286019729]],"death_signs":[[1386.4705458831404,3413.639883399582],[1394.1459315702841,3786.9537314138015],[3728.5729148977116,3763.1954581034674],[3724.773168917254,3389.8421663593467]],"residence":[[1373.8913807702047,2050.693438638239],[1376.9679917024782,2352.9933357597765],[3713.978734834363,2329.2087666295083],[3710.9021239020894,2026.9088695079708]],"death_location":[[1379.2951717666338,2581.6560784542726],[1381.0667548867114,2882.6772435835483],[3719.369377920825,2858.879526543313],[3716.3059148985185,2557.8715093240044]],"death_cause":[[1381.0667548867114,2882.6772435835483],[1386.6876818935416,3181.075205178465],[3722.4065451231977,3157.303783958164],[3719.369377920825,2858.879526543313]],"occupation":[[1367.3140410612496,1531.3708658522314],[1373.8913807702047,2050.693438638239],[3710.9021239020894,2026.9088695079708],[3705.6166640953634,1507.5731488119964]],"disease_duration":[[1386.6876818935416,3181.075205178465],[1386.4705458831404,3413.639883399582],[3724.773168917254,3389.8421663593467],[3722.4065451231977,3157.303783958164]],"death_age":[[2809.6628032742083,2338.4123036063947],[2811.989983338364,2567.075046300891],[3716.3059148985185,2557.8715093240044],[3713.978734834363,2329.2087666295083]],"name":[[1358.5376156623443,922.9217277224043],[1365.000008907061,1304.000003059964],[3703.3026319411747,1280.202286019729],[3699.423998500916,899.0977148622354]],"birth_date":[[1365.000008907061,1304.000003059964],[1367.3140410612496,1531.3708658522314],[2542.9247520894505,1519.406267782279],[2540.610719935262,1292.0354049900116]]},"transform":{"rotation":-0.010176995575251055,"translation":[51.5503738895995,-40.53897675571398],"scale":1.2919468059170134,"matrix":[[1.2918799022287921,0.013147909966980629,51.5503738895995],[-0.013147909966980629,1.2918799022287921,-40.53897675571398],[0,0,1]]},"inverse_transform":{"rotation":0.010176995575251056,"translation":[-40.21857709007924,30.970515491499413],"scale":0.7740256761501941,"matrix":[[0.7739855930970256,-0.007877119905823548,-40.21857709007924],[0.007877119905823548,0.7739855930970256,30.970515491499413],[0,0,1]]},"document_type":{"classification":"B","confidence":0.9999924898147584},"delivery_tag":"Aarhus_kasse3_omegn"},{"image_id":"DSC_0026.JPG","processed":true,"shape":{"width":4000,"height":6000},"regions":{"death_date":[[1388.6780343971973,2290.726795977844],[1386.7237647435588,2518.793904053731],[2815.686605738804,2531.0384523355665],[2817.640875392442,2302.97134425968]],"birth_place":[[2568.9032784634987,1254.4891652294668],[2566.9600498813497,1481.2677585704619],[3726.6233112841637,1491.2047229109958],[3728.5665398663127,1264.4261295700007]],"death_signs":[[1378.3247999694404,3348.5863522526997],[1378.9994745136562,3721.0002338509603],[3707.345600463528,3740.9514500324544],[3710.5364701239887,3368.570691648662]],"residence":[[1391.261645125736,1989.2143480131126],[1388.6780343971973,2290.726795977844],[3719.601189816853,2310.700094302317],[3722.184800545392,2009.1876463375856]],"death_location":[[1386.7237647435588,2518.793904053731],[1382.8626803516177,2819.006796212081],[3715.0743505061655,2838.9911356080434],[3717.646920163215,2538.767202378204]],"death_cause":[[1382.8626803516177,2819.006796212081],[1382.8892223073312,3116.675782115116],[3712.5238629920955,3136.6380393680993],[3715.0743505061655,2838.9911356080434]],"occupation":[[1394.4116411296159,1471.220383515033],[1391.261645125736,1989.2143480131126],[3722.184800545392,2009.1876463375856],[3726.6233112841637,1491.2047229109958]],"disease_duration":[[1382.8892223073312,3116.675782115116],[1378.3247999694404,3348.5863522526997],[3710.5364701239887,3368.570691648662],[3712.5238629920955,3136.6380393680993]],"death_age":[[2817.640875392442,2302.97134425968],[2815.686605738804,2531.0384523355665],[3717.646920163215,2538.767202378204],[3719.601189816853,2310.700094302317]],"name":[[1397.034956331378,864.3078612379147],[1396.3548697117646,1244.441790174038],[3728.5665398663127,1264.4261295700007],[3731.82365595571,884.3142827768562]],"birth_date":[[1396.3548697117646,1244.441790174038],[1394.4116411296159,1471.220383515033],[2566.9600498813497,1481.2677585704619],[2568.9032784634987,1254.4891652294668]]},"transform":{"rotation":0.008568626320185208,"translation":[111.71321254584292,-120.89451411588891],"scale":1.2885620385893248,"matrix":[[1.2885147348920154,-0.011041071489482062,111.71321254584292],[0.011041071489482062,1.2885147348920154,-120.89451411588891],[0,0,1]]},"inverse_transform":{"rotation":-0.008568626320185208,"translation":[-85.88893739629016,94.56067262129376],"scale":0.7760588703162224,"matrix":[[0.7760303808428434,0.0066496770901218185,-85.88893739629016],[-0.0066496770901218185,0.7760303808428433,94.56067262129376],[0,0,1]]},"document_type":{"classification":"B","confidence":0.9999148845672609},"delivery_tag":"Aarhus_kasse3_omegn"},{"image_id":"DSC_0027.JPG","processed":true,"shape":{"width":4000,"height":6000},"regions":{"death_date":[[1408.7454885819918,2325.118366804335],[1408.6119361880887,2553.347939403487],[2838.5927046200636,2554.1847168319537],[2838.726257013967,2325.9551442328016]],"birth_place":[[2581.452415341758,1278.7849553667445],[2581.3196174811533,1505.725095352342],[3741.8089696802313,1506.4041753213407],[3741.941767540836,1279.4640353357433]],"death_signs":[[1406.8365841300506,3383.741787999307],[1410.486821847336,3756.390076916463],[3740.4915545403737,3757.7535185875527],[3740.7096146637523,3385.107493270293]],"residence":[[1408.9220493739315,2023.391135232575],[1408.7454885819918,2325.118366804335],[3741.329086502139,2326.4833175420226],[3741.5056472940787,2024.7560859702626]],"death_location":[[1408.6119361880887,2553.347939403487],[1407.1466973158933,2853.784983828394],[3741.0197278495953,2855.1506890993805],[3741.1955341082357,2554.7128901411747]],"death_cause":[[1407.1466973158933,2853.784983828394],[1409.5512653509593,3151.645426626089],[3740.8454306575522,3153.0096228304774],[3741.0197278495953,2855.1506890993805]],"occupation":[[1407.9359391465298,1505.0384700503544],[1408.9220493739315,2023.391135232575],[3741.5056472940787,2024.7560859702626],[3741.8089696802313,1506.4041753213407]],"disease_duration":[[1409.5512653509593,3151.645426626089],[1406.8365841300506,3383.741787999307],[3740.7096146637523,3385.107493270293],[3740.8454306575522,3153.0096228304774]],"death_age":[[2838.726257013967,2325.9551442328016],[2838.5927046200636,2554.1847168319537],[3741.1955341082357,2554.7128901411747],[3741.329086502139,2326.4833175420226]],"name":[[1405.7124591031968,897.7141999995724],[1408.068737007134,1278.098330064757],[3741.941767540836,1279.4640353357433],[3742.1643548640072,899.0814143371566]],"birth_date":[[1408.068737007134,1278.098330064757],[1407.9359391465298,1505.0384700503544],[2581.3196174811533,1505.725095352342],[2581.452415341758,1278.7849553667445]]},"transform":{"rotation":0.0005851668437988487,"translation":[111.69254226840617,-77.85440727973631],"scale":1.2894328343184722,"matrix":[[1.2894326135545313,-0.0007545332988874976,111.69254226840617],[0.0007545332988874976,1.2894326135545313,-77.85440727973631],[0,0,1]]},"inverse_transform":{"rotation":-0.0005851668437988487,"translation":[-86.58610387360002,60.42947770921616],"scale":0.7755347726417628,"matrix":[[0.775534639862367,0.0004538172092636712,-86.58610387360002],[-0.0004538172092636712,0.775534639862367,60.42947770921616],[0,0,1]]},"document_type":{"classification":"B","confidence":0.9999961853027344},"delivery_tag":"Aarhus_kasse3_omegn"},{"image_id":"DSC_0032.JPG","processed":true,"shape":{"width":4000,"height":6000},"regions":{"death_date":[[1390.9816836677921,2307.305182441564],[1391.536384555798,2536.2830446475696],[2826.2055889990756,2532.8075458633975],[2825.6508881110694,2303.829683657392]],"birth_place":[[2564.3741109231496,1254.004350698774],[2564.9256779078337,1481.6885526663277],[3729.2198925146413,1478.8680396764676],[3728.668325529957,1251.1838377089139]],"death_signs":[[1392.2609580567569,3369.403372113985],[1397.0476368321904,3743.261779316649],[3734.69168771497,3737.5988160136744],[3733.7859896548925,3363.731007101044]],"residence":[[1390.2483502904283,2004.588686643794],[1390.9816836677921,2307.305182441564],[3731.2130550274755,2301.635951331945],[3730.479721650112,1998.919455534175]],"death_location":[[1391.536384555798,2536.2830446475696],[1390.9729237913875,2837.7090141102094],[3732.497955389523,2832.0366490972683],[3731.7677559154818,2530.6138135379506]],"death_cause":[[1390.9729237913875,2837.7090141102094],[1394.284175935689,3136.5382613859792],[3733.2218870569204,3130.8721641796824],[3732.497955389523,2832.0366490972683]],"occupation":[[1387.6948609165054,1484.5404046894087],[1390.2483502904283,2004.588686643794],[3730.479721650112,1998.919455534175],[3729.2198925146413,1478.8680396764676]],"disease_duration":[[1394.284175935689,3136.5382613859792],[1392.2609580567569,3369.403372113985],[3733.7859896548925,3363.731007101044],[3733.2218870569204,3130.8721641796824]],"death_age":[[2825.6508881110694,2303.829683657392],[2826.2055889990756,2532.8075458633975],[3731.7677559154818,2530.6138135379506],[3731.2130550274755,2301.635951331945]],"name":[[1383.631471974908,875.2327001851567],[1387.1432939318217,1256.856202721855],[3728.668325529957,1251.1838377089139],[3727.7438240499478,869.5540673655715]],"birth_date":[[1387.1432939318217,1256.856202721855],[1387.6948609165054,1484.5404046894087],[2564.9256779078337,1481.6885526663277],[2564.3741109231496,1254.004350698774]]},"transform":{"rotation":-0.0024225040690360492,"translation":[82.42736165760884,-99.62800114920671],"scale":1.2936640344006398,"matrix":[[1.2936602384520086,0.0031339033220668736,82.42736165760884],[-0.0031339033220668736,1.2936602384520086,-99.62800114920671],[0,0,1]]},"inverse_transform":{"rotation":0.002422504069036049,"translation":[-63.90257949358929,76.85768928170673],"scale":0.7729982231927043,"matrix":[[0.7729959550137419,-0.0018725895094840151,-63.90257949358929],[0.001872589509484015,0.7729959550137417,76.85768928170673],[0,0,1]]},"document_type":{"classification":"B","confidence":0.9999842643737792},"delivery_tag":"Aarhus_kasse3_omegn"},{"image_id":"DSC_0029.JPG","processed":true,"shape":{"width":4000,"height":6000},"regions":{"death_date":[[1372.8373374178552,2340.3218372041824],[1374.0465262651978,2568.6186345465503],[2804.448493794498,2561.042417418286],[2803.2393049471557,2332.745620075918]],"birth_place":[[2539.729582842547,1286.7842546943677],[2540.9319401144808,1513.7912396223721],[3701.763113041776,1507.6428217545288],[3700.560755769842,1280.6358368265244]],"death_signs":[[1377.1562484140463,3399.264660972157],[1383.000010950256,3771.999953997029],[3713.6910437053916,3759.6552972334816],[3711.716718412273,3386.8995094823836]],"residence":[[1371.238748772216,2038.5057322430855],[1372.8373374178552,2340.3218372041824],[3706.1079950017183,2327.963517289818],[3704.509406356079,2026.147412328721]],"death_location":[[1374.0465262651978,2568.6186345465503],[1374.3484709210645,2869.1517586686923],[3708.9089409192916,2856.786607178919],[3707.3171838490607,2556.260314632186]],"death_cause":[[1374.3484709210645,2869.1517586686923],[1378.506189669205,3167.084763235881],[3710.4870348387044,3154.7332748969247],[3708.9089409192916,2856.786607178919]],"occupation":[[1367.202643043549,1520.0079732443025],[1371.238748772216,2038.5057322430855],[3704.509406356079,2026.147412328721],[3701.763113041776,1507.6428217545288]],"disease_duration":[[1378.506189669205,3167.084763235881],[1377.1562484140463,3399.264660972157],[3711.716718412273,3386.8995094823836],[3710.4870348387044,3154.7332748969247]],"death_age":[[2803.2393049471557,2332.745620075918],[2804.448493794498,2561.042417418286],[3707.3171838490607,2556.260314632186],[3706.1079950017183,2327.963517289818]],"name":[[1361.405346197317,912.5199892298353],[1366.0002857716152,1293.0009883162982],[3700.560755769842,1280.6358368265244],[3698.5454410242714,900.1411745892442]],"birth_date":[[1366.0002857716152,1293.0009883162982],[1367.202643043549,1520.0079732443025],[2540.9319401144808,1513.7912396223721],[2539.729582842547,1286.7842546943677]]},"transform":{"rotation":-0.00529651556325605,"translation":[61.26901116721264,-55.719294318743046],"scale":1.2898305061786925,"matrix":[[1.2898124143636613,0.006831575408714713,61.26901116721264],[-0.006831575408714713,1.2898124143636613,-55.719294318743046],[0,0,1]]},"inverse_transform":{"rotation":0.005296515563256051,"translation":[-47.72973519534016,42.94672963032904],"scale":0.7752956649805431,"matrix":[[0.7752847902914285,-0.004106346356356394,-47.72973519534016],[0.004106346356356395,0.7752847902914284,42.94672963032904],[0,0,1]]},"document_type":{"classification":"B","confidence":0.9999328851699828},"delivery_tag":"Aarhus_kasse3_omegn"},{"image_id":"DSC_0034.JPG","processed":true,"shape":{"width":4000,"height":6000},"regions":{"death_date":[[1389.462960495446,2306.057861874465],[1387.8472126497004,2534.2559148163164],[2817.630493511358,2544.379442279207],[2819.2462413571034,2316.1813893373555]],"birth_place":[[2568.807691427018,1267.4810020044033],[2567.2010721001757,1494.3898004098603],[3727.530154855353,1502.6054674221248],[3729.1367741821955,1275.6966690166678]],"death_signs":[[1380.6791919400855,3364.526707735563],[1381.9088135864422,3737.148654310322],[3711.5917608515592,3753.6438879671687],[3714.2299028143866,3381.049326949117]],"residence":[[1391.5990339186346,2004.3723003581188],[1389.462960495446,2306.057861874465],[3721.7244168333523,2322.5713525691167],[3723.860490256541,2020.8857910527706]],"death_location":[[1387.8472126497004,2534.2559148163164],[1384.4310132090197,2834.6430932773656],[3717.981724083321,2851.1657124909198],[3720.108668987607,2550.769405510968]],"death_cause":[[1384.4310132090197,2834.6430932773656],[1384.9008344153276,3132.4791482223322],[3715.8730362168394,3148.9835103980818],[3717.981724083321,2851.1657124909198]],"occupation":[[1393.9794439810516,1486.0828482085703],[1391.5990339186346,2004.3723003581188],[3723.860490256541,2020.8857910527706],[3727.530154855353,1502.6054674221248]],"disease_duration":[[1384.9008344153276,3132.4791482223322],[1380.6791919400855,3364.526707735563],[3714.2299028143866,3381.049326949117],[3715.8730362168394,3148.9835103980818]],"death_age":[[2819.2462413571034,2316.1813893373555],[2817.630493511358,2544.379442279207],[3720.108668987607,2550.769405510968],[3721.7244168333523,2322.5713525691167]],"name":[[1395.7004673113474,878.8257045288892],[1395.5860633078946,1259.1740498031133],[3729.1367741821955,1275.6966690166678],[3731.829687258438,895.3665807802488]],"birth_date":[[1395.5860633078946,1259.1740498031133],[1393.9794439810516,1486.0828482085703],[2567.2010721001757,1494.3898004098603],[2568.807691427018,1267.4810020044033]]},"transform":{"rotation":0.00708034457345417,"translation":[108.19007306143004,-105.01575796358587],"scale":1.2892868530592851,"matrix":[[1.2892545363946413,-0.00912851890251628,108.19007306143004],[0.00912851890251628,1.2892545363946413,-105.01575796358587],[0,0,1]]},"inverse_transform":{"rotation":-0.00708034457345417,"translation":[-83.33585301431314,82.04469163155703],"scale":0.7756225836222166,"matrix":[[0.775603142227258,0.005491629266996293,-83.33585301431314],[-0.005491629266996293,0.7756031422272581,82.04469163155703],[0,0,1]]},"document_type":{"classification":"B","confidence":0.999991774559021},"delivery_tag":"Aarhus_kasse3_omegn"},{"image_id":"DSC_0031.JPG","processed":true,"shape":{"width":4000,"height":6000},"regions":{"death_date":[[1330.387325730472,2313.5334107800136],[1329.5038250931407,2541.7300404651965],[2759.278188487875,2547.265646153334],[2760.161689125206,2319.069016468151]],"birth_place":[[2506.365511613773,1271.202556401287],[2505.487002505466,1498.1099395910735],[3665.8088483623287,1502.6023157130967],[3666.6873574706356,1275.6949325233102]],"death_signs":[[1325.0000339059852,3371.999791971527],[1327.425221504103,3744.607003728193],[3657.093638685604,3753.62669667541],[3658.536190573676,3381.0344595058177]],"residence":[[1331.555343522198,2011.849730857229],[1330.387325730472,2313.5334107800136],[3662.634235902766,2322.5630867852797],[3663.802253694492,2020.879406862495]],"death_location":[[1329.5038250931407,2541.7300404651965],[1327.0515523350425,2842.1194823635597],[3660.5877090027334,2851.1541498978504],[3661.7507352654347,2550.7597164704625]],"death_cause":[[1327.0515523350425,2842.1194823635597],[1328.477002121183,3139.9454058582032],[3659.4346657980805,3148.970090334445],[3660.5877090027334,2851.1541498978504]],"occupation":[[1332.2726916946383,1493.5676481788057],[1331.555343522198,2011.849730857229],[3663.802253694492,2020.879406862495],[3665.8088483623287,1502.6023157130967]],"disease_duration":[[1328.477002121183,3139.9454058582032],[1325.0000339059852,3371.999791971527],[3658.536190573676,3381.0344595058177],[3659.4346657980805,3148.970090334445]],"death_age":[[2760.161689125206,2319.069016468151],[2759.278188487875,2547.265646153334],[3661.7507352654347,2550.7597164704625],[3662.634235902766,2322.5630867852797]],"name":[[1332.0452088743707,886.3225657889986],[1333.151200802945,1266.6602649890192],[3666.6873574706356,1275.6949325233102],[3668.1598585328543,895.3672163813385]],"birth_date":[[1333.151200802945,1266.6602649890192],[1332.2726916946383,1493.5676481788057],[2505.487002505466,1498.1099395910735],[2506.365511613773,1271.202556401287]]},"transform":{"rotation":0.00387164448526755,"translation":[41.41532343877002,-93.3592798713341],"scale":1.2892561581214945,"matrix":[[1.2892464953965141,-0.004991529024470121,41.41532343877002],[0.004991529024470121,1.2892464953965141,-93.3592798713341],[0,0,1]]},"inverse_transform":{"rotation":-0.00387164448526755,"translation":[-31.842826378827098,72.53711729863046],"scale":0.7756410498415195,"matrix":[[0.7756352365622103,0.0030029988908453773,-31.842826378827098],[-0.0030029988908453773,0.7756352365622105,72.53711729863046],[0,0,1]]},"document_type":{"classification":"B","confidence":0.9998412132263184},"delivery_tag":"Aarhus_kasse3_omegn"},{"image_id":"DSC_0035.JPG","processed":true,"shape":{"width":4000,"height":6000},"regions":{"death_date":[[1405.0489330518346,2334.6929077962386],[1402.7003136712406,2562.5399368193744],[2830.2842412794766,2577.255297797221],[2832.6328606600705,2349.408268774085]],"birth_place":[[2585.9530478488564,1301.4901250288578],[2583.6176975043113,1528.0498827015806],[3742.161912876189,1539.992015145279],[3744.497263220734,1313.4322574725563]],"death_signs":[[1392.8677831055586,3391.529417449425],[1392.8948457387662,3763.5906448269848],[3718.9941759354138,3787.5677929667218],[3722.828927353446,3415.5463726973076]],"residence":[[1408.1538874871962,2033.4714117995504],[1405.0489330518346,2334.6929077962386],[3733.7228059493086,2358.6965940080727],[3736.82776038467,2057.4750980113845]],"death_location":[[1402.7003136712406,2562.5399368193744],[1398.3213569215143,2862.4608924296012],[3728.2825011694017,2886.4778476774836],[3731.374186568715,2586.5436230312084]],"death_cause":[[1398.3213569215143,2862.4608924296012],[1397.8307522951247,3159.847112447147],[3725.2173538421857,3183.8375296229324],[3728.2825011694017,2886.4778476774836]],"occupation":[[1412.2007686283016,1515.9750598973967],[1408.1538874871962,2033.4714117995504],[3736.82776038467,2057.4750980113845],[3742.161912876189,1539.992015145279]],"disease_duration":[[1397.8307522951247,3159.847112447147],[1392.8677831055586,3391.529417449425],[3722.828927353446,3415.5463726973076],[3725.2173538421857,3183.8375296229324]],"death_age":[[2832.6328606600705,2349.408268774085],[2830.2842412794766,2577.255297797221],[3731.374186568715,2586.5436230312084],[3733.7228059493086,2358.6965940080727]],"name":[[1415.875941906344,909.6437157806836],[1414.5361189728471,1289.415302224674],[3744.497263220734,1313.4322574725563],[3748.4116288550576,933.687209100663]],"birth_date":[[1414.5361189728471,1289.415302224674],[1412.2007686283016,1515.9750598973967],[2583.6176975043113,1528.0498827015806],[2585.9530478488564,1301.4901250288578]]},"transform":{"rotation":0.010307512956639606,"translation":[133.48689734420051,-76.85553732444174],"scale":1.287339736399166,"matrix":[[1.2872713504131974,-0.01326903604855382,133.48689734420051],[0.01326903604855382,1.2872713504131974,-76.85553732444174],[0,0,1]]},"inverse_transform":{"rotation":-0.010307512956639606,"translation":[-103.07118400077296,60.766669401448645],"scale":0.7767957220035111,"matrix":[[0.7767544571067294,0.008006690189225217,-103.07118400077296],[-0.008006690189225217,0.7767544571067294,60.766669401448645],[0,0,1]]},"document_type":{"classification":"B","confidence":0.9999679327011108},"delivery_tag":"Aarhus_kasse3_omegn"},{"image_id":"DSC_0036.JPG","processed":true,"shape":{"width":4000,"height":6000},"regions":{"death_date":[[1358.2715484325656,2375.8395676393143],[1356.2724000791195,2603.670670029714],[2783.756538785072,2616.196407453284],[2785.7556871385177,2388.365305062884]],"birth_place":[[2537.490647505288,1340.915108386646],[2535.502793775308,1567