[{"image_id":"8022904491-0033.jpg","regions":{"birth_date":[[1072.0000275328196,1116.9999312834816],[1071.4816908182645,1292.3089245199242],[1977.9088717566885,1294.9889609417714],[1978.4272084712436,1119.6799677053289]],"death_cause":[[1068.4011214806246,2334.202145686508],[1069.7129521931852,2564.301089499277],[2870.6144281675483,2569.625821203343],[2871.294745105402,2339.5327675805124]],"name":[[1070.8766828982791,823.152262657461],[1072.0000275328196,1116.9999312834816],[2874.893651157597,1122.3305531774854],[2875.7624541734704,828.488774741403]],"birth_place":[[1978.4272084712436,1119.6799677053289],[1977.9088717566885,1294.9889609417714],[2874.375314443042,1297.639546413928],[2874.893651157597,1122.3305531774854]],"residence":[[1071.2938364659083,1692.733547348131],[1070.6046842431476,1925.8148224465829],[2872.5022340427176,1931.1424992456177],[2873.1913862654787,1698.0612241471658]],"death_signs":[[1067.1906874483398,2743.5884878466095],[1069.3277764779018,3031.462658616357],[2869.233178627058,3036.784445225454],[2870.084311073117,2748.9191097406137]],"death_date":[[1070.6046842431476,1925.8148224465829],[1070.0834024336234,2102.1198895082325],[2174.7292745882523,2105.3859998289236],[2175.250556397776,1929.0809327672737]],"occupation":[[1071.4816908182645,1292.3089245199242],[1071.2938364659083,1692.733547348131],[2873.1913862654787,1698.0612241471658],[2874.375314443042,1297.639546413928]],"disease_duration":[[1069.7129521931852,2564.301089499277],[1067.1906874483398,2743.5884878466095],[2870.084311073117,2748.9191097406137],[2870.6144281675483,2569.625821203343]],"death_age":[[2175.250556397776,1929.0809327672737],[2174.7292745882523,2105.3859998289236],[2871.980952233194,2107.4475663072676],[2872.5022340427176,1931.1424992456177]],"death_location":[[1070.0834024336234,2102.1198895082325],[1068.4011214806246,2334.202145686508],[2871.294745105402,2339.5327675805124],[2871.980952233194,2107.4475663072676]]},"processed":true,"transform":{"scale":0.996078179083851,"translation":[73.04505418700286,67.16357545198485],"rotation":0.002956694887946823,"matrix":[[0.9960738252070594,-0.0029450949690629346,73.04505418700286],[0.0029450949690629346,0.9960738252070594,67.16357545198485],[0,0,1]]},"inverse_transform":{"scale":1.0039372621532139,"translation":[-73.53169495580958,-67.21089936600549],"rotation":-0.0029566948879468234,"matrix":[[1.0039328739242197,0.0029683318459417314,-73.53169495580958],[-0.002968331845941732,1.0039328739242195,-67.21089936600549],[0,0,1]]},"shape":{"height":4608,"width":3072}},{"image_id":"8022904491-0009.jpg","regions":{"birth_date":[[1034.8581586127511,1116.675248855742],[1035.4473441818861,1292.436692863583],[1944.2139012678829,1289.3903356595322],[1943.6247156987479,1113.6288916516912]],"death_cause":[[1038.9489811439048,2337.018911228366],[1041.7195763398474,2567.699111198099],[2847.2689556931246,2561.646568533348],[2846.495649633635,2330.9596732730565]],"name":[[1031.8733141189412,822.081796519521],[1034.8581586127511,1116.675248855742],[2842.4048271024812,1110.6160109004325],[2841.4172717451243,816.015863273653]],"birth_place":[[1943.6247156987479,1113.6288916516912],[1944.2139012678829,1289.3903356595322],[2842.994012671616,1286.3774549082734],[2842.4048271024812,1110.6160109004325]],"residence":[[1037.7917421523416,1693.8884616453045],[1038.575091147669,1927.5712906102751],[2845.1231150691724,1921.515400300245],[2844.339766073845,1687.8325713352742]],"death_signs":[[1040.3248633536464,2747.461828769404],[1044.2882665440075,3036.0600660509876],[2848.8390013290586,3030.0108710315153],[2847.8715318433765,2741.4025908140943]],"death_date":[[1038.575091147669,1927.5712906102751],[1039.1676243620832,2104.3313791863425],[2146.6644505251274,2100.6188405717357],[2146.071917310713,1923.8587519956684]],"occupation":[[1035.4473441818861,1292.436692863583],[1037.7917421523416,1693.8884616453045],[2844.339766073845,1687.8325713352742],[2842.994012671616,1286.3774549082734]],"disease_duration":[[1041.7195763398474,2567.699111198099],[1040.3248633536464,2747.461828769404],[2847.8715318433765,2741.4025908140943],[2847.2689556931246,2561.646568533348]],"death_age":[[2146.071917310713,1923.8587519956684],[2146.6644505251274,2100.6188405717357],[2845.7156482835867,2098.2754888763125],[2845.1231150691724,1921.515400300245]],"death_location":[[1039.1676243620832,2104.3313791863425],[1038.9489811439048,2337.018911228366],[2846.495649633635,2330.9596732730565],[2845.7156482835867,2098.2754888763125]]},"processed":true,"transform":{"scale":0.9986501791803516,"translation":[26.703347788608205,70.46753880067857],"rotation":-0.003352176386292064,"matrix":[[0.99864456822637,0.003347645279176551,26.703347788608205],[-0.003347645279176551,0.99864456822637,70.46753880067857],[0,0,1]]},"inverse_transform":{"scale":1.0013516452986133,"translation":[-26.502752544832287,-70.65202461415377],"rotation":0.0033521763862920644,"matrix":[[1.0013460191663417,-0.0033567010531464474,-26.502752544832287],[0.003356701053146448,1.0013460191663417,-70.65202461415377],[0,0,1]]},"shape":{"height":4608,"width":3072}},{"image_id":"8022904491-0038.jpg","regions":{"birth_date":[[1098.4265489019795,1077.6217900673337],[1096.6456293131141,1252.6096860910118],[2001.4125917082674,1261.8178498743491],[2003.1935112971328,1086.829953850671]],"death_cause":[[1086.0613003929266,2292.5945681408257],[1085.712342250992,2522.286419394504],[2883.315274130593,2540.5813206255734],[2885.6527310909787,2310.9097070944963]],"name":[[1099.4231141671378,784.2979766232274],[1098.4265489019795,1077.6217900673337],[2898.0179796000316,1095.9369290210043],[2901.003043683641,802.6333532994988]],"birth_place":[[2003.1935112971328,1086.829953850671],[2001.4125917082674,1261.8178498743491],[2896.2370600111662,1270.9248250446824],[2898.0179796000316,1095.9369290210043]],"residence":[[1093.5720964795905,1652.3080674609405],[1091.2042829353038,1884.9624292196943],[2889.8014642241305,1903.2674493120644],[2892.1692777684175,1670.6130875533106]],"death_signs":[[1081.9024483984742,2701.2310753324828],[1081.9608457103436,2988.5995111825373],[2878.5695281807193,3006.8842935523066],[2881.4938790965266,2719.5462142861534]],"death_date":[[1091.2042829353038,1884.9624292196943],[1089.4132444851384,2060.944574652598],[2192.0358393161546,2072.1663918347085],[2193.82687776632,1896.1842464018052]],"occupation":[[1096.6456293131141,1252.6096860910118],[1093.5720964795905,1652.3080674609405],[2892.1692777684175,1670.6130875533106],[2896.2370600111662,1270.9248250446824]],"disease_duration":[[1085.712342250992,2522.286419394504],[1081.9024483984742,2701.2310753324828],[2881.4938790965266,2719.5462142861534],[2883.315274130593,2540.5813206255734]],"death_age":[[2193.82687776632,1896.1842464018052],[2192.0358393161546,2072.1663918347085],[2888.010425773965,2079.249594744968],[2889.8014642241305,1903.2674493120644]],"death_location":[[1089.4132444851384,2060.944574652598],[1086.0613003929266,2292.5945681408257],[2885.6527310909787,2310.9097070944963],[2888.010425773965,2079.249594744968]]},"processed":true,"transform":{"scale":0.9943008996773358,"translation":[108.84656644787272,22.48608650322022],"rotation":0.0101770359230794,"matrix":[[0.9942494092254434,-0.0101188613003705,108.84656644787272],[0.0101188613003705,0.9942494092254434,22.48608650322022],[0,0,1]]},"inverse_transform":{"scale":1.0057317662334548,"translation":[-109.69492993541282,-21.49973489901561],"rotation":-0.010177035923079399,"matrix":[[1.0056796838274722,0.010235191631824436,-109.69492993541282],[-0.010235191631824436,1.0056796838274722,-21.49973489901561],[0,0,1]]},"shape":{"height":4608,"width":3072}},{"image_id":"8022904491-0031.jpg","regions":{"birth_date":[[1082.2402466383762,1096.3254174289248],[1080.949797692425,1271.9196515821181],[1988.8518038254126,1278.591859200389],[1990.142252771364,1102.9976250471957]],"death_cause":[[1073.2804249795552,2315.508111378937],[1073.5820997624621,2545.9902078975706],[2877.4137778816294,2559.246637978707],[2879.1074921231902,2328.779205652641]],"name":[[1082.4078260176334,801.9908721273115],[1082.2402466383762,1096.3254174289248],[2888.0673137820113,1109.5965117026285],[2890.2302821857365,815.276630593583]],"birth_place":[[1990.142252771364,1102.9976250471957],[1988.8518038254126,1278.591859200389],[2886.77686483606,1285.190745855822],[2888.0673137820113,1109.5965117026285]],"residence":[[1078.9999894985656,1673.000177596491],[1077.2842789681529,1906.4606934592593],[2882.113651599554,1919.7244556366793],[2883.8293621299667,1686.263939773911]],"death_signs":[[1070.2669334069074,2725.5605559071328],[1071.1410411175873,3013.9162662316257],[2873.97502472452,3027.165364216478],[2876.0940005505427,2738.8316501808367]],"death_date":[[1077.2842789681529,1906.4606934592593],[1075.9864979259178,2083.0526221246864],[2182.429711993482,2091.1839169034365],[2183.727493035717,1914.5919882380094]],"occupation":[[1080.949797692425,1271.9196515821181],[1078.9999894985656,1673.000177596491],[2883.8293621299667,1686.263939773911],[2886.77686483606,1285.190745855822]],"disease_duration":[[1073.5820997624621,2545.9902078975706],[1070.2669334069074,2725.5605559071328],[2876.0940005505427,2738.8316501808367],[2877.4137778816294,2559.246637978707]],"death_age":[[2183.727493035717,1914.5919882380094],[2182.429711993482,2091.1839169034365],[2880.815870557319,2096.3163843021066],[2882.113651599554,1919.7244556366793]],"death_location":[[1075.9864979259178,2083.0526221246864],[1073.2804249795552,2315.508111378937],[2879.1074921231902,2328.779205652641],[2880.815870557319,2096.3163843021066]]},"processed":true,"transform":{"scale":0.9977214538025427,"translation":[86.26560052520797,40.372396209418085],"rotation":0.007348907105301393,"matrix":[[0.9976945122340527,-0.007332096283814297,86.26560052520797],[0.007332096283814297,0.9976945122340527,40.372396209418085],[0,0,1]]},"inverse_transform":{"scale":1.0022837498269415,"translation":[-86.75764270258409,-39.82810402633958],"rotation":-0.007348907105301392,"matrix":[[1.0022566850623325,0.007365623871698334,-86.75764270258409],[-0.007365623871698334,1.0022566850623325,-39.82810402633958],[0,0,1]]},"shape":{"height":4608,"width":3072}},{"image_id":"8022904491-0036.jpg","regions":{"birth_date":[[1078.1649876358783,1096.0810109733163],[1077.251895216019,1271.1846813825275],[1982.617463809099,1275.9057842352092],[1983.5305562289584,1100.802113825998]],"death_cause":[[1071.8252209479913,2311.857631655452],[1072.6166015833942,2541.691575117767],[2871.408852150744,2551.0715245217766],[2872.6072859518094,2321.2479571096874]],"name":[[1077.705640607697,802.5730055440154],[1078.1649876358783,1096.0810109733163],[2878.9470526396967,1105.4713364275515],[2880.4775200479835,811.9737070484764]],"birth_place":[[1983.5305562289584,1100.802113825998],[1982.617463809099,1275.9057842352092],[2878.0339602198374,1280.5750068367627],[2878.9470526396967,1105.4713364275515]],"residence":[[1076.1612163388927,1671.1425711377701],[1074.9472184624888,1903.950860204562],[2874.7343762480727,1913.3359976336844],[2875.9483741244767,1680.5277085668924]],"death_signs":[[1069.6929426266151,2720.7644983496893],[1071.1783250237077,3008.308248494698],[2868.9756683728237,3017.683009873595],[2870.4750076304335,2730.1548238039245]],"death_date":[[1074.9472184624888,1903.950860204562],[1074.0289380175166,2080.0494378320072],[2177.381043039193,2085.8029576821436],[2178.299323484165,1909.7043800546985]],"occupation":[[1077.251895216019,1271.1846813825275],[1076.1612163388927,1671.1425711377701],[2875.9483741244767,1680.5277085668924],[2878.0339602198374,1280.5750068367627]],"disease_duration":[[1072.6166015833942,2541.691575117767],[1069.6929426266151,2720.7644983496893],[2870.4750076304335,2730.1548238039245],[2871.408852150744,2551.0715245217766]],"death_age":[[2178.299323484165,1909.7043800546985],[2177.381043039193,2085.8029576821436],[2873.816095803101,2089.4345752611293],[2874.7343762480727,1913.3359976336844]],"death_location":[[1074.0289380175166,2080.0494378320072],[1071.8252209479913,2311.857631655452],[2872.6072859518094,2321.2479571096874],[2873.816095803101,2089.4345752611293]]},"processed":true,"transform":{"scale":0.9949207448329707,"translation":[82.74094048591171,45.21437134570669],"rotation":0.005214534576187333,"matrix":[[0.9949072182341536,-0.005188025112837193,82.74094048591171],[0.005188025112837193,0.9949072182341536,45.21437134570669],[0,0,1]]},"inverse_transform":{"scale":1.0051051857079147,"translation":[-83.39919218070283,-45.010925060695854],"rotation":-0.005214534576187334,"matrix":[[1.005091520644957,0.0052411319912431574,-83.39919218070283],[-0.005241131991243158,1.005091520644957,-45.010925060695854],[0,0,1]]},"shape":{"height":4608,"width":3072}},{"image_id":"8022904491-0023.jpg","regions":{"birth_date":[[1118.2562438868026,1121.6710420863565],[1118.4715436886834,1298.3481234414635],[2031.9723620588397,1297.2349256021942],[2031.757062256959,1120.5578442470871]],"death_cause":[[1119.7511095566788,2348.3721410405665],[1122.041384652955,2580.258363730487],[2936.9968567554192,2578.046647583895],[2936.714275765451,2346.1579783053166]],"name":[[1115.8876779534787,825.5386079945788],[1118.2562438868026,1121.6710420863565],[2935.219410095575,1119.4568793511064],[2934.858538268559,823.3219986706711]],"birth_place":[[2031.757062256959,1120.5578442470871],[2031.9723620588397,1297.2349256021942],[2935.434709897456,1296.1339607062134],[2935.219410095575,1119.4568793511064]],"residence":[[1119.9671550620421,1701.89341551505],[1120.253405934997,1936.7936259530902],[2936.212725090615,1934.580686512169],[2935.92647421766,1699.6804760741288]],"death_signs":[[1120.253883525843,2760.9532798868677],[1123.618956746348,3051.0614083653927],[2937.570581795658,3048.850915513129],[2937.2170497346156,2758.739117151618]],"death_date":[[1120.253405934997,1936.7936259530902],[1120.4699290312067,2114.4745543613512],[2233.736310979012,2113.117920950637],[2233.5197878828026,1935.4369925423762]],"occupation":[[1118.4715436886834,1298.3481234414635],[1119.9671550620421,1701.89341551505],[2935.92647421766,1699.6804760741288],[2935.434709897456,1296.1339607062134]],"disease_duration":[[1122.041384652955,2580.258363730487],[1120.253883525843,2760.9532798868677],[2937.2170497346156,2758.739117151618],[2936.9968567554192,2578.046647583895]],"death_age":[[2233.5197878828026,1935.4369925423762],[2233.736310979012,2113.117920950637],[2936.4292481868247,2112.26161492043],[2936.212725090615,1934.580686512169]],"death_location":[[1120.4699290312067,2114.4745543613512],[1119.7511095566788,2348.3721410405665],[2936.714275765451,2346.1579783053166],[2936.4292481868247,2112.26161492043]]},"processed":true,"transform":{"scale":1.0038477985108205,"translation":[107.10042607422078,67.8584233163241],"rotation":-0.0012186056825024005,"matrix":[[1.003847053154018,0.0012232943288674506,107.10042607422078],[-0.0012232943288674506,1.003847053154018,67.8584233163241],[0,0,1]]},"inverse_transform":{"scale":0.9961669502921373,"translation":[-106.60744992531696,-67.72828130701441],"rotation":0.0012186056825024003,"matrix":[[0.9961662106383632,-0.0012139344058983061,-106.60744992531696],[0.001213934405898306,0.9961662106383633,-67.72828130701441],[0,0,1]]},"shape":{"height":4608,"width":3072}},{"image_id":"8022904491-0006.jpg","regions":{"birth_date":[[1040.7442288977086,1068.399304798121],[1038.9954089656505,1244.2747509956719],[1948.3514091916234,1253.3169449625627],[1950.1002291236814,1077.4414987650118]],"death_cause":[[1028.6018541421695,2289.53450510157],[1028.3051125972247,2520.3909011896285],[2835.0256053538824,2538.35605140077],[2837.3209315147087,2307.519528266485]],"name":[[1041.676904963402,773.5882010018619],[1040.7442288977086,1068.399304798121],[2849.463306270248,1086.3843279630357],[2852.394566951822,791.59309712055]],"birth_place":[[1950.1002291236814,1077.4414987650118],[1948.3514091916234,1253.3169449625627],[2847.7144863381895,1262.2597741605866],[2849.463306270248,1086.3843279630357]],"residence":[[1036.0002375651407,1646.0001952646915],[1033.6751019736544,1879.8345953227988],[2841.394887038253,1897.809682010827],[2843.720022629739,1663.9752819527196]],"death_signs":[[1024.5179621417385,2700.2436436651687],[1024.6441972453063,2989.0689300906706],[2830.365397694023,3007.0241438249254],[2833.2370395142775,2718.2286668300835]],"death_date":[[1033.6751019736544,1879.8345953227988],[1031.9163455647097,2056.7093338282903],[2140.131515070868,2067.728886695633],[2141.8902714798123,1890.8541481901416]],"occupation":[[1038.9954089656505,1244.2747509956719],[1036.0002375651407,1646.0001952646915],[2843.720022629739,1663.9752819527196],[2847.7144863381895,1262.2597741605866]],"disease_duration":[[1028.3051125972247,2520.3909011896285],[1024.5179621417385,2700.2436436651687],[2833.2370395142775,2718.2286668300835],[2835.0256053538824,2538.35605140077]],"death_age":[[2141.8902714798123,1890.8541481901416],[2140.131515070868,2067.728886695633],[2839.6361306293084,2074.684420516318],[2841.394887038253,1897.809682010827]],"death_location":[[1031.9163455647097,2056.7093338282903],[1028.6018541421695,2289.53450510157],[2837.3209315147087,2307.519528266485],[2839.6361306293084,2074.684420516318]]},"processed":true,"transform":{"scale":0.9993417084672437,"translation":[45.89940431735015,8.146993404506178],"rotation":0.009943186135351457,"matrix":[[0.9992923079406293,-0.009936476886693236,45.89940431735015],[0.009936476886693236,0.9992923079406293,8.146993404506178],[0,0,1]]},"inverse_transform":{"scale":1.0006587251659556,"translation":[-46.0084280646572,-7.695277609307383],"rotation":-0.009943186135351457,"matrix":[[1.0006092595351652,0.009949572013090205,-46.0084280646572],[-0.009949572013090205,1.0006092595351652,-7.695277609307383],[0,0,1]]},"shape":{"height":4608,"width":3072}},{"image_id":"8022904491-0060.jpg","regions":{"birth_date":[[1115.816486302677,1089.6928361771174],[1114.4289576192486,1263.805138651867],[2014.6687033693745,1270.9792926400478],[2016.056232052803,1096.8669901652981]],"death_cause":[[1106.1826223756916,2298.586209041572],[1106.3400398704505,2527.124373411084],[2894.9482380201507,2541.3780771590295],[2896.7693694171503,2312.8556801609207]],"name":[[1116.1636246928012,797.8411072713335],[1115.816486302677,1089.6928361771174],[2906.403233344136,1103.9623072964657],[2908.7289206260184,812.1263457620844]],"birth_place":[[2016.056232052803,1096.8669901652981],[2014.6687033693745,1270.9792926400478],[2905.0157046607073,1278.0746097712154],[2906.403233344136,1103.9623072964657]],"residence":[[1112.2489904132065,1661.5013495810306],[1110.4042079591027,1892.9915699167773],[2900.0016805546825,1907.2531573504243],[2901.846463008786,1675.7629370146776]],"death_signs":[[1102.9424275524584,2705.1780062979474],[1103.6318657224213,2991.1019722141573],[2891.250789426242,3005.347792276402],[2893.529174593917,2719.447477417296]],"death_date":[[1110.4042079591027,1892.9915699167773],[1109.0087955899733,2068.093146837406],[2206.1141560700717,2076.836154280145],[2207.5095684392013,1901.7345773595162]],"occupation":[[1114.4289576192486,1263.805138651867],[1112.2489904132065,1661.5013495810306],[2901.846463008786,1675.7629370146776],[2905.0157046607073,1278.0746097712154]],"disease_duration":[[1106.3400398704505,2527.124373411084],[1102.9424275524584,2705.1780062979474],[2893.529174593917,2719.447477417296],[2894.9482380201507,2541.3780771590295]],"death_age":[[2207.5095684392013,1901.7345773595162],[2206.1141560700717,2076.836154280145],[2898.606268185553,2082.354734271053],[2900.0016805546825,1907.2531573504243]],"death_location":[[1109.0087955899733,2068.093146837406],[1106.1826223756916,2298.586209041572],[2896.7693694171503,2312.8556801609207],[2898.606268185553,2082.354734271053]]},"processed":true,"transform":{"scale":0.9893058585543462,"translation":[128.89214742020582,42.034405742511],"rotation":0.007968990657179088,"matrix":[[0.9892744458792592,-0.007883685701297393,128.89214742020582],[0.007883685701297393,0.9892744458792592,42.034405742511],[0,0,1]]},"inverse_transform":{"scale":1.0108097423594367,"translation":[-130.61989063337896,-41.44920527283509],"rotation":-0.007968990657179088,"matrix":[[1.0107776468879128,0.008055048136696576,-130.61989063337896],[-0.008055048136696575,1.0107776468879128,-41.44920527283509],[0,0,1]]},"shape":{"height":4608,"width":3072}},{"image_id":"8022904491-0011.jpg","regions":{"birth_date":[[1102.1461999775431,1107.1004756859018],[1099.9622209858794,1284.833623218669],[2018.9233815246184,1296.1257873232935],[2021.1073605162821,1118.3926397905263]],"death_cause":[[1086.9824367513327,2341.134034123637],[1086.135659183101,2574.4336082034806],[2911.9398111106184,2596.8690287542076],[2914.806283537177,2363.5942726174508]],"name":[[1103.7871517245615,809.1706661395968],[1102.1461999775431,1107.1004756859018],[2929.970046763387,1129.5607141797157],[2933.6306933687324,831.6557225764979]],"birth_place":[[2021.1073605162821,1118.3926397905263],[2018.9233815246184,1296.1257873232935],[2927.7860677717235,1307.2938617124828],[2929.970046763387,1129.5607141797157]],"residence":[[1095.9836618545382,1690.804698713919],[1093.079962513349,1927.1089971381662],[2919.8939618700297,1949.5568266604366],[2922.797661211219,1713.2525282361894]],"death_signs":[[1081.8823494469364,2756.1813275098148],[1081.3256989583426,3048.0644614526823],[2906.1200034566964,3070.4874730318656],[2909.7061962327803,2778.6415660036287]],"death_date":[[1093.079962513349,1927.1089971381662],[1090.883574550142,2105.8519921000966],[2210.8043734924076,2119.613541541886],[2213.000761455615,1940.870546579956]],"occupation":[[1099.9622209858794,1284.833623218669],[1095.9836618545382,1690.804698713919],[2922.797661211219,1713.2525282361894],[2927.7860677717235,1307.2938617124828]],"disease_duration":[[1086.135659183101,2574.4336082034806],[1081.8823494469364,2756.1813275098148],[2909.7061962327803,2778.6415660036287],[2911.9398111106184,2596.8690287542076]],"death_age":[[2213.000761455615,1940.870546579956],[2210.8043734924076,2119.613541541886],[2917.6975739068225,2128.299821622367],[2919.8939618700297,1949.5568266604366]],"death_location":[[1090.883574550142,2105.8519921000966],[1086.9824367513327,2341.134034123637],[2914.806283537177,2363.5942726174508],[2917.6975739068225,2128.299821622367]]},"processed":true,"transform":{"scale":1.0099236668000195,"translation":[99.28151533137705,33.267402262311144],"rotation":0.012287348248042396,"matrix":[[1.0098474291634496,-0.012408971543543597,99.28151533137705],[0.012408971543543597,1.0098474291634496,33.267402262311144],[0,0,1]]},"inverse_transform":{"scale":0.9901738446911903,"translation":[-98.70328012440802,-31.730135803323094],"rotation":-0.012287348248042396,"matrix":[[0.9900990979393375,0.012166304707826163,-98.70328012440802],[-0.012166304707826162,0.9900990979393375,-31.730135803323094],[0,0,1]]},"shape":{"height":4608,"width":3072}},{"image_id":"8022904491-0067.jpg","regions":{"birth_date":[[1117.4033453301365,1118.268664978505],[1117.1949019957833,1291.9557734692796],[2015.2362015787658,1293.033520254856],[2015.444644913119,1119.3464117640815]],"death_cause":[[1115.9560853609337,2324.2098387042242],[1117.6562206265355,2552.1765372726195],[2901.896516940857,2554.317818798249],[2902.1700988171956,2326.3534889041075]],"name":[[1115.7790076406632,827.1430178680095],[1117.4033453301365,1118.268664978505],[2903.6173587863987,1120.412315178388],[2903.9667382388657,829.2890367421465]],"birth_place":[[2015.444644913119,1119.3464117640815],[2015.2362015787658,1293.033520254856],[2903.408915452045,1294.0994236691627],[2903.6173587863987,1120.412315178388]],"residence":[[1117.7056570416967,1688.6741033364713],[1117.428522153977,1919.5990089435238],[2902.6556770392685,1921.74147480628],[2902.932811926988,1690.8165691992274]],"death_signs":[[1115.4693228017338,2729.8087113730217],[1118.0876250849394,3015.0143913948223],[2901.3410628282904,3017.1544885833246],[2901.6833362579955,2731.952361572905]],"death_date":[[1117.428522153977,1919.5990089435238],[1117.2188944824968,2094.272976005269],[2211.645049688571,2095.5864058791203],[2211.854677360051,1920.912438817375]],"occupation":[[1117.1949019957833,1291.9557734692796],[1117.7056570416967,1688.6741033364713],[2902.932811926988,1690.8165691992274],[2903.408915452045,1294.0994236691627]],"disease_duration":[[1117.6562206265355,2552.1765372726195],[1115.4693228017338,2729.8087113730217],[2901.6833362579955,2731.952361572905],[2901.896516940857,2554.317818798249]],"death_age":[[2211.854677360051,1920.912438817375],[2211.645049688571,2095.5864058791203],[2902.4460493677884,2096.415441868025],[2902.6556770392685,1921.74147480628]],"death_location":[[1117.2188944824968,2094.272976005269],[1115.9560853609337,2324.2098387042242],[2902.1700988171956,2326.3534889041075],[2902.4460493677884,2096.415441868025]]},"processed":true,"transform":{"scale":0.9868592816364415,"translation":[125.8683612544891,79.88886373893959],"rotation":0.0012001076884389625,"matrix":[[0.9868585709703103,-0.0011843371270072686,125.8683612544891],[0.0011843371270072686,0.9868585709703103,79.88886373893959],[0,0,1]]},"inverse_transform":{"scale":1.013315696176833,"translation":[-127.64144612463438,-80.79951431839793],"rotation":-0.0012001076884389625,"matrix":[[1.0133149664586667,0.0012160876658842226,-127.64144612463438],[-0.0012160876658842226,1.0133149664586667,-80.79951431839793],[0,0,1]]},"shape":{"height":4608,"width":3072}},{"image_id":"8022904491-0018.jpg","regions":{"birth_date":[[1073.5711865663714,1063.7774967187336],[1069.9997803312617,1239.9999161582098],[1981.1497899330989,1258.4657097601964],[1984.7211961682083,1082.2432903207202]],"death_cause":[[1048.774263729418,2287.3217953269154],[1046.089320539467,2518.6543050029904],[2856.3741747813588,2555.342387236388],[2861.0616454649403,2324.0504617220754]],"name":[[1077.5548229327255,768.3641072464854],[1073.5711865663714,1063.7774967187336],[2885.8585683018937,1100.5061631138938],[2891.8447321618783,805.1333578034082]],"birth_place":[[1984.7211961682083,1082.2432903207202],[1981.1497899330989,1258.4657097601964],[2882.287162066784,1276.72858255337],[2885.8585683018937,1100.5061631138938]],"residence":[[1062.8436275637928,1642.5282344588038],[1058.0952806375676,1876.823951213562],[2869.381398626275,1913.5323255278408],[2874.1297455525,1679.2366087730827]],"death_signs":[[1040.434218487202,2698.841195267965],[1037.5735983529507,2988.267294340203],[2846.8571888480274,3024.9350844927194],[2852.721600222724,2735.569861663125]],"death_date":[[1058.0952806375676,1876.823951213562],[1054.503582321577,2054.0476343998535],[2164.90507753964,2076.5515520972194],[2168.496775855631,1899.3278689109281]],"occupation":[[1069.9997803312617,1239.9999161582098],[1062.8436275637928,1642.5282344588038],[2874.1297455525,1679.2366087730827],[2882.287162066784,1276.72858255337]],"disease_duration":[[1046.089320539467,2518.6543050029904],[1040.434218487202,2698.841195267965],[2852.721600222724,2735.569861663125],[2856.3741747813588,2555.342387236388]],"death_age":[[2168.496775855631,1899.3278689109281],[2164.90507753964,2076.5515520972194],[2865.789700310284,2090.7560087141323],[2869.381398626275,1913.5323255278408]],"death_location":[[1054.503582321577,2054.0476343998535],[1048.774263729418,2287.3217953269154],[2861.0616454649403,2324.0504617220754],[2865.789700310284,2090.7560087141323]]},"processed":true,"transform":{"scale":1.001469350121569,"translation":[87.62683427652482,-8.964534550639172],"rotation":0.020263695198220206,"matrix":[[1.0012637468152057,-0.020292080881303926,87.62683427652482],[0.020292080881303926,1.0012637468152057,-8.964534550639172],[0,0,1]]},"inverse_transform":{"scale":0.9985328057005532,"translation":[-87.2989294862999,10.722461012670488],"rotation":-0.020263695198220206,"matrix":[[0.9983278052715943,0.020232579712450825,-87.2989294862999],[-0.020232579712450825,0.9983278052715943,10.722461012670488],[0,0,1]]},"shape":{"height":4608,"width":3072}},{"image_id":"8022904491-0007.jpg","regions":{"birth_date":[[1049.9765773023453,1088.8848302437282],[1048.6457854966673,1264.6913245377727],[1957.6452730397386,1271.572123078494],[1958.9760648454167,1095.7656287844495]],"death_cause":[[1040.7366478333768,2309.541284944424],[1040.9877846599477,2540.302431339513],[2846.9999533169507,2553.973292616023],[2848.746617561903,2323.2272688550897]],"name":[[1050.2093647687482,794.1940495598961],[1049.9765773023453,1088.8848302437282],[2857.9865470308714,1102.5708141543935],[2860.217135568798,807.8951561047169]],"birth_place":[[1958.9760648454167,1095.7656287844495],[1957.6452730397386,1271.572123078494],[2856.655755225194,1278.377308448438],[2857.9865470308714,1102.5708141543935]],"residence":[[1046.6050365671872,1666.2569012310205],[1044.8356883710017,1899.9996265992388],[2851.8467575637665,1913.6780491928264],[2853.616105759952,1679.935323824608]],"death_signs":[[1037.6289465144355,2720.0894051424484],[1038.4404274862607,3008.794343928789],[2843.453695607502,3022.4576438882214],[2845.638916242962,2733.775389053114]],"death_date":[[1044.8356883710017,1899.9996265992388],[1043.4973352482461,2076.805021429045],[2151.2780294078793,2085.190522068232],[2152.616382530635,1908.3851272384254]],"occupation":[[1048.6457854966673,1264.6913245377727],[1046.6050365671872,1666.2569012310205],[2853.616105759952,1679.935323824608],[2856.655755225194,1278.377308448438]],"disease_duration":[[1040.9877846599477,2540.302431339513],[1037.6289465144355,2720.0894051424484],[2845.638916242962,2733.775389053114],[2846.9999533169507,2553.973292616023]],"death_age":[[2152.616382530635,1908.3851272384254],[2151.2780294078793,2085.190522068232],[2850.508404441011,2090.4834440226327],[2851.8467575637665,1913.6780491928264]],"death_location":[[1043.4973352482461,2076.805021429045],[1040.7366478333768,2309.541284944424],[2848.746617561903,2323.2272688550897],[2850.508404441011,2090.4834440226327]]},"processed":true,"transform":{"scale":0.9989291535743638,"translation":[53.029582574837754,31.433682178087196],"rotation":0.007569495052037882,"matrix":[[0.9989005357616169,-0.0075613170777156305,53.029582574837754],[0.0075613170777156305,0.9989005357616169,31.433682178087196],[0,0,1]]},"inverse_transform":{"scale":1.0010719943669724,"translation":[-53.32309903686279,-31.064643783621246],"rotation":-0.007569495052037882,"matrix":[[1.0010433151650704,0.00757753714559732,-53.32309903686279],[-0.007577537145597321,1.0010433151650704,-31.064643783621246],[0,0,1]]},"shape":{"height":4608,"width":3072}},{"image_id":"8022904491-0048.jpg","regions":{"birth_date":[[1102.6395160370662,1087.366353425857],[1101.7794033260489,1262.0489876270399],[2004.9680233435292,1266.4961613033224],[2005.8281360545466,1091.8135271021395]],"death_cause":[[1096.6675971003442,2300.2196431636166],[1097.5237291012384,2529.500374560749],[2891.9907895315732,2538.3360778648353],[2893.119687464783,2309.065120475783]],"name":[[1102.0961522947237,794.5646641373854],[1102.6395160370662,1087.366353425857],[2899.091606401505,1096.211830738023],[2900.533272593267,803.4199154576312]],"birth_place":[[2005.8281360545466,1091.8135271021395],[2004.9680233435292,1266.4961613033224],[2898.231493690488,1270.894464939206],[2899.091606401505,1096.211830738023]],"residence":[[1100.807342669073,1661.0448913860548],[1099.6637837237433,1893.293393676264],[2895.1233591211303,1902.1339839843902],[2896.2669180664598,1669.885481694181]],"death_signs":[[1094.6590384399574,2708.1432946220607],[1096.2242391735913,2994.9947811122593],[2889.698784636874,3003.825597412306],[2891.1111288043962,2716.988771934227]],"death_date":[[1099.6637837237433,1893.293393676264],[1098.7987840086862,2068.968542844499],[2199.4978824695495,2074.388230324716],[2200.362882184607,1898.7130811564807]],"occupation":[[1101.7794033260489,1262.0489876270399],[1100.807342669073,1661.0448913860548],[2896.2669180664598,1669.885481694181],[2898.231493690488,1270.894464939206]],"disease_duration":[[1097.5237291012384,2529.500374560749],[1094.6590384399574,2708.1432946220607],[2891.1111288043962,2716.988771934227],[2891.9907895315732,2538.3360778648353]],"death_age":[[2200.362882184607,1898.7130811564807],[2199.4978824695495,2074.388230324716],[2894.258359406073,2077.8091331526252],[2895.1233591211303,1902.1339839843902]],"death_location":[[1098.7987840086862,2068.968542844499],[1096.6675971003442,2300.2196431636166],[2893.119687464783,2309.065120475783],[2894.258359406073,2077.8091331526252]]},"processed":true,"transform":{"scale":0.9925269984393714,"translation":[109.30570042848109,39.31679698990989],"rotation":0.004923819497468481,"matrix":[[0.9925149670521762,-0.004887004039870736,109.30570042848109],[0.004887004039870736,0.9925149670521762,39.31679698990989],[0,0,1]]},"inverse_transform":{"scale":1.0075292677905778,"translation":[-110.32240294630257,-39.07009188606476],"rotation":-0.00492381949746848,"matrix":[[1.0075170545462526,0.004960872207731011,-110.32240294630257],[-0.004960872207731011,1.0075170545462526,-39.07009188606476],[0,0,1]]},"shape":{"height":4608,"width":3072}},{"image_id":"8022904491-0028.jpg","regions":{"birth_date":[[1078.6815364189097,1107.5363203809366],[1078.0710802404938,1282.6621348360372],[1983.5511436162978,1285.8184707585276],[1984.1615997947135,1110.692656303427]],"death_cause":[[1074.4430281801367,2323.466691199873],[1075.6318705193194,2553.3262596742197],[2874.6516008308067,2559.5973095070367],[2875.452824564977,2329.7446780347173]],"name":[[1077.7146781446054,813.9946375592804],[1078.6815364189097,1107.5363203809366],[2879.6913328037504,1113.8143072157802],[2880.7145406027994,820.2795613961515]],"birth_place":[[1984.1615997947135,1110.692656303427],[1983.5511436162978,1285.8184707585276],[2879.0808766253344,1288.940121670881],[2879.6913328037504,1113.8143072157802]],"residence":[[1077.671775869653,1682.6688840810873],[1076.860146632441,1915.506614663437],[2876.874909980605,1921.781132997267],[2877.6865392178165,1688.9434024149173]],"death_signs":[[1073.0174742634954,2732.425269274],[1075.0001765805587,3020.0002223766096],[2873.024873855369,3026.2678037084124],[2874.027270648336,2738.7032561088436]],"death_date":[[1076.860146632441,1915.506614663437],[1076.2462219530116,2091.627462155214],[2179.7378596274802,2095.474029779436],[2180.35178430691,1919.353182287659]],"occupation":[[1078.0710802404938,1282.6621348360372],[1077.671775869653,1682.6688840810873],[2877.6865392178165,1688.9434024149173],[2879.0808766253344,1288.940121670881]],"disease_duration":[[1075.6318705193194,2553.3262596742197],[1073.0174742634954,2732.425269274],[2874.027270648336,2738.7032561088436],[2874.6516008308067,2559.5973095070367]],"death_age":[[2180.35178430691,1919.353182287659],[2179.7378596274802,2095.474029779436],[2876.2609853011754,2097.901980489044],[2876.874909980605,1921.781132997267]],"death_location":[[1076.2462219530116,2091.627462155214],[1074.4430281801367,2323.466691199873],[2875.452824564977,2329.7446780347173],[2876.2609853011754,2097.901980489044]]},"processed":true,"transform":{"scale":0.9950390819346506,"translation":[81.32369608756761,58.26728681390864],"rotation":0.003485800810128187,"matrix":[[0.9950330366767076,-0.0034685010137258227,81.32369608756761],[0.0034685010137258227,0.9950330366767076,58.26728681390864],[0,0,1]]},"inverse_transform":{"scale":1.0049856514738134,"translation":[-81.93277152444692,-58.27254048415861],"rotation":-0.0034858008101281875,"matrix":[[1.0049795457865067,0.003503172703668496,-81.93277152444692],[-0.003503172703668496,1.0049795457865067,-58.27254048415861],[0,0,1]]},"shape":{"height":4608,"width":3072}},{"image_id":"8022904491-0022.jpg","regions":{"birth_date":[[1101.8399613725649,1086.4305267739605],[1100.6647204145181,1262.0232375345342],[2008.5588499152118,1268.0997674880714],[2009.7340908732585,1092.5070567274977]],"death_cause":[[1093.680049720672,2305.6026435320346],[1094.1329176764239,2536.081431416175],[2897.9489463986815,2548.1543612579276],[2899.491450156118,2317.6889283846745]],"name":[[1101.8144537651933,792.0998440677935],[1101.8399613725649,1086.4305267739605],[2907.6513618080107,1098.5168116266004],[2909.621225913828,804.1994839313203]],"birth_place":[[2009.7340908732585,1092.5070567274977],[2008.5588499152118,1268.0997674880714],[2906.476120849964,1274.1095223871741],[2907.6513618080107,1098.5168116266004]],"residence":[[1098.9780490828462,1663.0996293908336],[1097.4155128090795,1896.5581198338691],[2902.2292273879316,1908.6377271810657],[2903.791763661698,1675.17923673803]],"death_signs":[[1090.935594983415,2715.651530592238],[1091.9988534800411,3004.0027756642835],[2894.817196345705,3016.069028000593],[2896.746995418861,2727.737815444878]],"death_date":[[1097.4155128090795,1896.5581198338691],[1096.2335943455894,2073.148516451037],[2202.6672093085226,2080.5538699878202],[2203.849127772013,1903.9634733706523]],"occupation":[[1100.6647204145181,1262.0232375345342],[1098.9780490828462,1663.0996293908336],[2903.791763661698,1675.17923673803],[2906.476120849964,1274.1095223871741]],"disease_duration":[[1094.1329176764239,2536.081431416175],[1090.935594983415,2715.651530592238],[2896.746995418861,2727.737815444878],[2897.9489463986815,2548.1543612579276]],"death_age":[[2203.849127772013,1903.9634733706523],[2202.6672093085226,2080.5538699878202],[2901.047308924441,2085.2281237982334],[2902.2292273879316,1908.6377271810657]],"death_location":[[1096.2335943455894,2073.148516451037],[1093.680049720672,2305.6026435320346],[2899.491450156118,2317.6889283846745],[2901.047308924441,2085.2281237982334]]},"processed":true,"transform":{"scale":0.997708202595823,"translation":[105.18604785989397,31.145121017380625],"rotation":0.006692894053881536,"matrix":[[0.997685856594169,-0.006677505443447447,105.18604785989397],[0.006677505443447447,0.997685856594169,31.145121017380625],[0,0,1]]},"inverse_transform":{"scale":1.0022970618044575,"translation":[-105.63423367462055,-30.51035317962415],"rotation":-0.006692894053881537,"matrix":[[1.0022746130246012,0.006708217962664135,-105.63423367462055],[-0.006708217962664136,1.0022746130246012,-30.51035317962415],[0,0,1]]},"shape":{"height":4608,"width":3072}},{"image_id":"8022904491-0032.jpg","regions":{"birth_date":[[1074.7834911296377,1101.8601591182824],[1074.0000466150948,1277.0000796451686],[1979.553044793881,1281.0508438964982],[1980.336489308424,1105.910923369612]],"death_cause":[[1069.3438934207093,2317.888470958367],[1070.3058488649956,2547.7685194284795],[2869.4704870048263,2555.8166312596927],[2870.4987579301637,2325.9454855681547]],"name":[[1074.1064245997309,808.2928668202114],[1074.7834911296377,1101.8601591182824],[2875.938355639092,1109.9171737280697],[2877.251515478809,816.3587842085732]],"birth_place":[[1980.336489308424,1105.910923369612],[1979.553044793881,1281.0508438964982],[2875.154911124549,1285.057094254956],[2875.938355639092,1109.9171737280697]],"residence":[[1073.2057013064623,1677.0400313288208],[1072.1640762132631,1909.8965165747943],[2872.3238275379053,1917.9490797952944],[2873.3654526311047,1685.092594549321]],"death_signs":[[1067.5143724236802,2726.8799899160385],[1069.213260474122,3014.481054494526],[2867.3827854291408,3022.524714936452],[2868.6692369331345,2734.937004525826]],"death_date":[[1072.1640762132631,1909.8965165747943],[1071.376180309433,2086.0315502864923],[2174.9567022657784,2090.9681410059698],[2175.7445981696083,1914.8331072942717]],"occupation":[[1074.0000466150948,1277.0000796451686],[1073.2057013064623,1677.0400313288208],[2873.3654526311047,1685.092594549321],[2875.154911124549,1285.057094254956]],"disease_duration":[[1070.3058488649956,2547.7685194284795],[1067.5143724236802,2726.8799899160385],[2868.6692369331345,2734.937004525826],[2869.4704870048263,2555.8166312596927]],"death_age":[[2175.7445981696083,1914.8331072942717],[2174.9567022657784,2090.9681410059698],[2871.5359316340755,2094.0841135069927],[2872.3238275379053,1917.9490797952944]],"death_location":[[1071.376180309433,2086.0315502864923],[1069.3438934207093,2317.888